# Frame list with one line of data per frame:
#   FRAME_ID, RIG_ID, RIG_FROM_WORLD[QW, QX, QY, QZ, TX, TY, TZ], NUM_DATA_IDS, DATA_IDS[] as (SENSOR_TYPE, SENSOR_ID, DATA_ID)
# Number of frames: 79
1 1 0.62772093404491491 -0.011271657605461635 -0.77102770168839463 -0.10656294818423917 2.6159391711366791 -0.92356504040260656 4.9305850116853813 1 CAMERA 1 1
2 1 0.67237835076610208 -0.014273116720531645 -0.73236545936119679 -0.10651040087616774 2.4482444849004716 -0.90062595689523817 4.6359539461690762 1 CAMERA 1 2
3 1 0.70215911355563776 -0.0097676759789951315 -0.7059109839465102 -0.092557303873871843 2.3187132890784454 -0.78586689282929612 4.3190526388092119 1 CAMERA 1 3
4 1 0.71758149455520881 -0.0060062658265539236 -0.69062738969914361 -0.089858399941691328 2.1331379807669268 -0.8075312704589771 4.3064671420078025 1 CAMERA 1 4
5 1 0.74410125396203974 -0.0040793306647668301 -0.66234636638886091 -0.087143409647089387 2.0601452206274988 -0.80716458497072663 4.0462731386429089 1 CAMERA 1 5
6 1 0.77628727509019591 -0.0067903756896642523 -0.62446478296189412 -0.085881850069653001 1.8846620700479022 -0.79972700098374183 3.7323685014080445 1 CAMERA 1 6
7 1 0.81482502013840519 -0.005457870850072293 -0.57358960424611505 -0.083817445099553897 1.6894224968644549 -0.79619562109807207 3.2689698324603875 1 CAMERA 1 7
8 1 0.84513506362264024 0.0035050063024739675 -0.53022438765155733 -0.067797772130849629 1.5772615413005955 -0.7084281298323295 2.8973297331115755 1 CAMERA 1 8
9 1 0.87143930932593161 -0.0061623104999789131 -0.48557348593889449 -0.069093746779252688 1.304233173517529 -0.70310710233588847 2.7495551330015884 1 CAMERA 1 9
10 1 0.89644452472965075 -0.0022297541757933469 -0.4389592178069695 -0.060803350079086188 1.1083674186916659 -0.67528187046666022 2.3987017033895666 1 CAMERA 1 10
11 1 0.92963269619592204 -0.0047535110022136973 -0.36504968164411827 -0.049991841616210182 0.91972835373141115 -0.60780609699404731 2.176065690024779 1 CAMERA 1 11
12 1 0.95077811698410752 -0.0059707350657223343 -0.30676296868289304 -0.043379760623914666 0.55297901287174578 -0.58658994540816178 2.0234678237280819 1 CAMERA 1 12
13 1 0.96710951798491973 -0.0006726955576612818 -0.25201037347743388 -0.034489119493361836 0.18817350150937318 -0.57377105129091677 1.8641903138779359 1 CAMERA 1 13
14 1 0.98299097362611521 -0.0015109689671005874 -0.18287985000728635 -0.016775672972337483 -0.054253954220737026 -0.55676737128776355 1.7707022132436303 1 CAMERA 1 14
15 1 0.99152816312486558 0.00059707937090209683 -0.12974295981296849 -0.0061894753756098868 -0.31489438400893155 -0.56518229421740396 1.7259709433620425 1 CAMERA 1 15
16 1 0.99749252937673116 -0.0040277721100723573 -0.070543659275095955 0.0040028771551816594 -0.59849000696540045 -0.55485820326646584 1.7961808298887458 1 CAMERA 1 16
17 1 0.99993746574953335 -0.0099720833530283319 -0.0049891667370737282 -0.00085461059613656861 -0.9303934355510316 -0.48200498865904173 1.9299253560295941 1 CAMERA 1 17
18 1 0.99892081571101599 -0.0078736263650397067 0.043806647924567024 0.013273565636842741 -1.3139187137523685 -0.500280002346015 1.9294049645877001 1 CAMERA 1 18
19 1 0.99741447714760434 0.0054363866955570066 0.067710307696617317 0.023454652154680275 -1.6661530469454526 -0.59230936935377354 1.8189014324490795 1 CAMERA 1 19
20 1 0.99259392203760743 0.012215865557372915 0.11659207877276054 0.031849108780790059 -1.8857977212359831 -0.63655645701534014 2.0617544152930711 1 CAMERA 1 20
21 1 0.97432342871092903 0.0143948544959683 0.21841966565156062 0.052720907481564633 -2.1710665179053232 -0.7318923923069599 2.5091399893879167 1 CAMERA 1 21
22 1 0.95498156397570921 0.013921413123254654 0.29083667285645282 0.056836928531975646 -2.4444132751411103 -0.70403707365997581 2.7613509373317822 1 CAMERA 1 22
23 1 0.9260053072990666 0.0059850439755777017 0.37166106466068782 0.065927256259119868 -2.4705606380805931 -0.69396532591973503 3.2286225838806173 1 CAMERA 1 23
24 1 0.8985630694959601 0.0098421852715110184 0.43096579525624273 0.082195041494203147 -2.4839093177648213 -0.8096755801949701 3.4874335345200715 1 CAMERA 1 24
25 1 0.86702687389938493 0.01068326621157553 0.48934650428943671 0.093221598886852178 -2.4464997351238194 -0.85161748563497752 3.7217261123253085 1 CAMERA 1 25
26 1 0.84516395051379023 0.0086121372563872627 0.52553258353897137 0.097155707411633971 -2.6610497128043886 -0.8486795835708667 3.86849048443819 1 CAMERA 1 26
27 1 0.8021491473623551 0.014705947681048515 0.58644646966665792 0.1114496240646997 -2.6818974044453547 -0.95083571297561664 4.0572708463137044 1 CAMERA 1 27
28 1 0.77696712610702801 0.010282809860320794 0.61899772371706585 0.11427233612494725 -2.7206910304084415 -0.9217583212502154 4.1991136140340286 1 CAMERA 1 28
29 1 0.76273269871809768 0.012041020351765063 0.63588573488622113 0.11723129404432424 -2.7129898492051718 -0.96041440540618728 4.3970427676336259 1 CAMERA 1 29
30 1 0.76153463582933034 0.0074674150522807377 0.63827909829477125 0.11228993198297053 -2.9155656068646105 -0.86960056972918887 4.3802825965262508 1 CAMERA 1 30
31 1 0.6259747743223435 0.063915939384787374 -0.74325411517820228 -0.227252403453339 2.3765904602953443 -0.16702044348123296 4.4975979242438866 1 CAMERA 1 31
32 1 0.66268835729098352 0.07434255762197324 -0.71313973332047831 -0.21621527697366441 2.3401856137789476 -0.058968595289659802 4.2238102407554825 1 CAMERA 1 32
33 1 0.7126346941623537 0.079042805895678928 -0.66606079116478478 -0.20558951817932636 2.3557108543850052 0.13215045765960934 3.7463199406942089 1 CAMERA 1 33
34 1 0.76360959262543326 0.087811701681040202 -0.61387369134148739 -0.17985712712338184 2.2554103593224948 0.36751341655612996 3.4579707959316561 1 CAMERA 1 34
35 1 0.80500245834536222 0.091346820305274551 -0.56250798807863389 -0.16495927929573029 2.1811135835289068 0.46773149008173104 3.2172907789270098 1 CAMERA 1 35
36 1 0.84347046471641984 0.100224285954996 -0.5069612208884714 -0.14663897221117111 2.0326498686418475 0.63158936190061388 2.8570044202307772 1 CAMERA 1 36
37 1 0.88050751279963257 0.1019430248212317 -0.44676825790206121 -0.12129411908604561 1.7667312204949717 0.82825853198274513 2.5311600293344338 1 CAMERA 1 37
38 1 0.91670132353899614 0.096934125028700968 -0.37331384097810016 -0.10439940115226086 1.5177310720173469 1.0360352452423274 2.0899830571090212 1 CAMERA 1 38
39 1 0.94354250844058407 0.10611355154739666 -0.30341843172619543 -0.080029396052102714 1.0416002320605988 1.168972246483776 1.7294947676519354 1 CAMERA 1 39
40 1 0.96802138395594384 0.098885051546275624 -0.22289742219117728 -0.058932893745663274 0.69908277231906713 1.3093367507569469 1.4995513618821397 1 CAMERA 1 40
41 1 0.98194565515874421 0.096794483385976945 -0.15872531819308841 -0.034926088607360961 0.18559817880369453 1.3923397593709372 1.3303227637662056 1 CAMERA 1 41
42 1 0.99104504550503147 0.097848012561103981 -0.089012093908619985 -0.018229957646009348 -0.40356159861186708 1.4244840411905852 1.210258742309902 1 CAMERA 1 42
43 1 0.99490425660063708 0.099106204825523972 -0.018146824310263595 -0.0037647218313497086 -0.7919592339260445 1.3890404630568194 1.2798944202998439 1 CAMERA 1 43
44 1 0.99294664405830002 0.093825101009819445 0.069342494147652464 0.021105235825251367 -1.2327682529845176 1.344089662661704 1.4492572838232778 1 CAMERA 1 44
45 1 0.98640458839956968 0.092042054824714933 0.13077683758489295 0.037837374105694016 -1.557371618004439 1.2964263884286948 1.5752355384417835 1 CAMERA 1 45
46 1 0.97659522903328988 0.086609050697180265 0.18950962010378247 0.053354801610251516 -1.7693710041994251 1.2623960890007186 1.7508072409836699 1 CAMERA 1 46
47 1 0.96529975178816996 0.084127423622008229 0.23860775348355961 0.064693939205690526 -2.1558348865379435 1.2212260188343074 1.8800792684188765 1 CAMERA 1 47
48 1 0.94852593768900839 0.097033925011260347 0.29029670910762645 0.081306725486756298 -2.4479378319041616 1.1249557526276981 1.8882790774100673 1 CAMERA 1 48
49 1 0.91873000635541202 0.095683082872609238 0.36911698152031347 0.10262834417211801 -2.5242416576755096 0.95371420847148769 2.3130445301491616 1 CAMERA 1 49
50 1 0.88981179464208537 0.092262556417869318 0.43083375475188895 0.11876391103976025 -2.6747194675942327 0.83216608565902783 2.573545257996587 1 CAMERA 1 50
51 1 0.84420101400725667 0.083788554375607713 0.51040518052124284 0.1406793439060732 -2.7231958182957903 0.70511128252420696 2.9309875976689197 1 CAMERA 1 51
54 1 0.64688520203017907 -0.063662406685980666 -0.75830241958557343 -0.049639438151417165 2.7148873236685791 -1.3249002204469167 4.2158474626178464 1 CAMERA 1 54
55 1 0.6773774120635635 -0.050542365210566723 -0.73099404908704047 -0.065215114385582751 2.6328660175676295 -1.3156794473312616 3.9594422237663531 1 CAMERA 1 55
56 1 0.70038343517436952 -0.061634525250870195 -0.70784091251019543 -0.068010819780263881 2.3668095240285907 -1.3387638380847637 3.8375780060958338 1 CAMERA 1 56
57 1 0.7245234868783389 -0.058801211611180147 -0.68387863848291985 -0.062595066111145015 2.0701806056090364 -1.2998069238840242 3.7604622303855169 1 CAMERA 1 57
58 1 0.75741276656475687 -0.056649914780832165 -0.64756304951513055 -0.061471823648809452 1.7939504745074566 -1.2802161164869832 3.5581525299289765 1 CAMERA 1 58
59 1 0.80401393341492711 -0.047199899873765397 -0.59047445131338105 -0.051707704191208348 1.8128393476180256 -1.335806424973186 3.1476858240752987 1 CAMERA 1 59
60 1 0.83856193762289566 -0.043772967566479748 -0.54123657491329191 -0.044280628458587601 1.7063981114728404 -1.246701278191372 2.9294000939189595 1 CAMERA 1 60
61 1 0.85573827981924599 -0.045110464342035674 -0.51365855879871625 -0.042801021385820807 1.4640956363374633 -1.2476710613431208 2.7794064541614012 1 CAMERA 1 61
62 1 0.87809535615874446 -0.049103596292174014 -0.47400054834198679 -0.043137715460128005 1.2220342983587942 -1.2869266942568693 2.6396950633904743 1 CAMERA 1 62
63 1 0.90043233219329832 -0.041795460359179047 -0.43160568434188151 -0.034515038433677446 1.0720920764469359 -1.2343731950310184 2.5279070399679884 1 CAMERA 1 63
64 1 0.92708754058813347 -0.0476860009938333 -0.36967846138734783 -0.039655675277889463 0.8206172609013942 -1.238584932739055 2.3839675849534729 1 CAMERA 1 64
65 1 0.95532093096967974 -0.046225379871991906 -0.29101753882702658 -0.023106821546347099 0.65841489253336505 -1.1754246111617486 2.2277685062046833 1 CAMERA 1 65
66 1 0.96973965787144223 -0.049061002126702329 -0.2385060995484268 -0.017687693458959063 0.21990696025829135 -1.1128855483518536 2.173424186751324 1 CAMERA 1 66
67 1 0.98907731149878753 -0.04238302824925512 -0.14110871703117717 -0.004252149170522657 0.025759923166521898 -1.1188845400619045 1.9420375880631975 1 CAMERA 1 67
68 1 0.99437165022263596 -0.047834390733118445 -0.094534862106394876 0.00022834891764741483 -0.53352716513528353 -1.0593625498245969 2.0772453332225647 1 CAMERA 1 68
69 1 0.99876157989893177 -0.034524302810035767 -0.033710807238832831 0.012122726944748577 -0.83737040280293151 -1.111794184306776 1.9088734707954993 1 CAMERA 1 69
70 1 0.99825939087772053 -0.040634217215730628 0.039903193027839151 0.015322666278760853 -1.2883920026953912 -0.98245792342419547 2.1340865262557327 1 CAMERA 1 70
71 1 0.99258569003155506 -0.04028916963896801 0.11041255689293335 0.030975765281088283 -1.645952989185695 -1.0188516078148047 2.2662991096168827 1 CAMERA 1 71
72 1 0.9917148356340203 -0.037301056429479174 0.11944712721167731 0.029029291646720246 -1.8127227758922297 -1.0139527918537858 2.337785994806616 1 CAMERA 1 72
73 1 0.98483633071414656 -0.035161535357328272 0.16418366646803031 0.043643920560902848 -1.9980148372699387 -1.0531256846970698 2.4149785804875572 1 CAMERA 1 73
74 1 0.96074494825915646 -0.031788540743487789 0.27087298904215917 0.050857220522526302 -2.1049671263382699 -1.0228865146036328 2.9332386904123195 1 CAMERA 1 74
75 1 0.93243062900857265 -0.035791926282770656 0.35467251347746614 0.059156303833343429 -2.2219535524733751 -1.0396095540650652 3.390434918553364 1 CAMERA 1 75
76 1 0.90381290133359948 -0.03933506685191087 0.42145913722673117 0.062826646789370194 -2.4536017927052991 -0.9793611960097397 3.595471512329715 1 CAMERA 1 76
77 1 0.86206760453273301 -0.039651908217850224 0.50068222953992214 0.067708761713764123 -2.4396087084807618 -0.96855253195396773 3.9528017008019938 1 CAMERA 1 77
78 1 0.79597057318942355 -0.031057423153637787 0.59913814760126194 0.080621108727708932 -2.2376764189183822 -1.0633069768919676 4.3159582228954152 1 CAMERA 1 78
79 1 0.7788434424369981 -0.041256009867512551 0.62107113479684684 0.077275347588057444 -2.639728239891562 -0.90925927996874201 4.5591172613715631 1 CAMERA 1 79
80 1 0.76390940362410309 -0.043495671439170748 0.63855590546833774 0.082443345469688484 -2.7684620715754455 -0.8802463057969635 4.7495836727568994 1 CAMERA 1 80
81 1 0.75940411931816509 -0.044692782120904981 0.64248744203081187 0.092292066948356372 -2.7581677659464483 -0.94503864862061593 4.7583434252803878 1 CAMERA 1 81
