# Frame list with one line of data per frame:
#   FRAME_ID, RIG_ID, RIG_FROM_WORLD[QW, QX, QY, QZ, TX, TY, TZ], NUM_DATA_IDS, DATA_IDS[] as (SENSOR_TYPE, SENSOR_ID, DATA_ID)
# Number of frames: 93
1 1 0.72640975687254405 -0.14721386616606774 -0.65470639982681 -0.1483794889957091 1.8052513528072645 -1.70660553011845 5.6424383646707765 1 CAMERA 1 1
2 1 0.76919009442782826 -0.15770767505984121 -0.60064003120232445 -0.15068656469174371 1.7895561743717325 -1.7156320188394942 5.2511580378905789 1 CAMERA 1 2
3 1 0.83048406999934266 -0.15252381940980456 -0.51911994877241419 -0.13246574189766366 2.105960243796936 -1.7843975092102606 4.6953645711429353 1 CAMERA 1 3
4 1 0.87829546065136366 -0.14979121384416197 -0.44124309451077715 -0.10707103997279074 2.3143981834378704 -1.8167494955069472 4.3778333140646204 1 CAMERA 1 4
5 1 0.91294614882399483 -0.15381006501872399 -0.36906114488851122 -0.081643521359344218 2.4721101198851576 -1.7340080723252163 4.1109216011192835 1 CAMERA 1 5
6 1 0.93604549233537948 -0.15999820686018695 -0.30626879660673456 -0.066474313123227199 2.3570691575450047 -1.6170670250572805 3.6851450828206631 1 CAMERA 1 6
7 1 0.96059375695157168 -0.14735562002419347 -0.23157754136845357 -0.043792667042469355 2.2269138598741169 -1.6744557484456437 3.3783890010218927 1 CAMERA 1 7
8 1 0.9748061752066749 -0.15371850479499197 -0.15892088418678002 -0.029456656833685403 1.8779076896837565 -1.532048239503125 3.1603534856649569 1 CAMERA 1 8
9 1 0.98412850323774159 -0.15027493254476265 -0.094382890312351739 -0.00063543685460683188 1.786558566511447 -1.4579478032636852 2.844289870394118 1 CAMERA 1 9
10 1 0.98890300386526397 -0.1435950306121804 -0.026781142590921271 0.027094031284940479 1.4710838717935728 -1.4252911308844092 2.5055751853842017 1 CAMERA 1 10
11 1 0.98826657537267915 -0.14229937618737604 0.038160868920938465 0.040296546018724788 1.1301112254082597 -1.3561344890815541 2.187581702887301 1 CAMERA 1 11
12 1 0.98399135767157464 -0.13825235774327316 0.094281334590409563 0.061305167432514143 0.79866287968276517 -1.2526675585597324 1.9852499695663763 1 CAMERA 1 12
13 1 0.9727512426566538 -0.13136219283118469 0.1718622357329071 0.083440794180096298 0.45480964235193777 -1.2484195655208483 1.9084766042805394 1 CAMERA 1 13
14 1 0.95611496083006586 -0.12744577553693093 0.24395564418107044 0.10043604754723695 0.060619015438551131 -1.2272733177148627 1.9147705936083459 1 CAMERA 1 14
15 1 0.94424726692374616 -0.12320713711567045 0.28355249455575193 0.11320372388753987 -0.41128017989186721 -1.1774998202376494 2.0639517272367893 1 CAMERA 1 15
16 1 0.91853756476630699 -0.11238522581195984 0.352807304240634 0.13851104362769834 -0.6860755384444488 -1.2464149248304182 2.2045790314300455 1 CAMERA 1 16
17 1 0.88837803224370915 -0.10013692048415958 0.41744654980356954 0.16277422105431888 -0.99963733651984932 -1.2844938851047529 2.2457792519564137 1 CAMERA 1 17
18 1 0.83455393292481705 -0.086059994577943041 0.50984596484474043 0.1901854424095076 -1.1238190930036451 -1.3808707474139681 2.6755451514617565 1 CAMERA 1 18
19 1 0.77820890723011038 -0.082556650205868304 0.58223989891836003 0.22039055406718644 -1.1558732176801525 -1.4891423683651179 3.0487715806171805 1 CAMERA 1 19
20 1 0.71854136332820462 -0.074596204546166001 0.64870154325796503 0.23941600453705358 -1.1852303494085807 -1.5608343057988685 3.3377928543435273 1 CAMERA 1 20
21 1 0.6610113009994828 -0.052609132669481355 0.70428853683413084 0.25352316658399354 -1.3352753778532422 -1.6261929071075327 3.5687624225898418 1 CAMERA 1 21
22 1 0.60011506043652396 -0.038466483787153456 0.75159964844461546 0.27107233779980278 -1.234529589209693 -1.7143754623705163 3.7772185777198706 1 CAMERA 1 22
23 1 0.54795271438131654 -0.027355133586514101 0.78659328651962646 0.28332052709054489 -1.4156694995010786 -1.7925500514927222 3.938835073427589 1 CAMERA 1 23
24 1 0.5186999089780796 -0.022768462797011123 0.80635223238551235 0.28324561577347301 -1.5651721164435961 -1.7525939657967997 3.9704336887057394 1 CAMERA 1 24
25 1 0.50772924533237118 -0.02861432898568976 0.81066947535906597 0.29018482960343817 -1.5963705370836385 -1.8118354972987509 3.9532339840634827 1 CAMERA 1 25
26 1 0.48873217515622186 -0.029110409559894673 0.81897645333926439 0.29928416914057282 -1.5939440124777731 -1.8860686224122423 3.9717837815502017 1 CAMERA 1 26
27 1 0.48268739645580211 -0.026166937079880982 0.82159175594044942 0.30218397587771922 -1.7437610168860362 -1.9176530226095889 3.9606531896044173 1 CAMERA 1 27
28 1 0.47188362483711188 -0.025950542973471907 0.82751151376861731 0.3031123694446361 -1.848915176942969 -1.8789223195734162 3.967879107896898 1 CAMERA 1 28
29 1 0.45593626402637177 -0.033453176617961329 0.83430698357527977 0.30811501955821635 -1.9878516457793616 -1.8730085069488036 3.9387264742230133 1 CAMERA 1 29
30 1 0.44597839922982979 -0.023273564319736827 0.8422267850374745 0.30201928943313133 -2.1799656691430753 -1.7769042550931584 3.8863338291902374 1 CAMERA 1 30
31 1 0.42638424509818923 -0.024698275226912016 0.85188587653873826 0.30311206522784429 -2.1592547601606999 -1.7511406140359354 3.9231201565578417 1 CAMERA 1 31
32 1 0.85690549251680925 -0.010754268419210898 -0.46888777734206788 -0.21387280066550676 2.1716175657969865 -1.5867750577935336 4.0627475239491533 1 CAMERA 1 32
33 1 0.89358531386539164 -0.021882255226412309 -0.41225393339288646 -0.176275773016003 2.1514464087516525 -1.2807114988516759 3.8209043885656047 1 CAMERA 1 33
34 1 0.92169102655493773 -0.019554890054726132 -0.35932542882209456 -0.14487406270575354 2.0545415600551116 -1.1292556802254274 3.5341249177441707 1 CAMERA 1 34
35 1 0.93689093489040098 -0.020105234536561951 -0.32550726450927386 -0.1260007000619843 1.8161192571392826 -1.0996458666837123 3.5182944687883397 1 CAMERA 1 35
36 1 0.95901933707498388 -0.015026551598378877 -0.26789400192640878 -0.091043492876608109 1.707620791820091 -1.0231458853520607 3.3451694544022423 1 CAMERA 1 36
37 1 0.98174750803982636 -0.011774724077408148 -0.18350592080518296 -0.048567101621714806 1.4430550973399425 -0.85069089513400953 2.9957159214179949 1 CAMERA 1 37
38 1 0.99616196217415065 -0.008888137646940162 -0.086902096861163028 0.0055110514104139132 1.2536300376437242 -0.60835555475639325 2.5465448924293992 1 CAMERA 1 38
39 1 0.99831460403866945 -0.0079648089206117989 -0.053574136178970375 0.020840468196515676 1.0926343383424748 -0.60569400573772891 2.3908322029831157 1 CAMERA 1 39
40 1 0.99876343132849532 -0.012531678109104093 0.0095169639022172851 0.047159226910369306 0.78615915591941554 -0.51436233997256242 2.3714431223854398 1 CAMERA 1 40
41 1 0.98861822032649038 -0.0060544949487127417 0.11067802996493213 0.10172379865341492 0.33410828952076538 -0.43375260600737975 2.1733932445799704 1 CAMERA 1 41
42 1 0.98828775034811467 -0.0052721576197356686 0.11154952825039002 0.1040011039028476 0.22766385913029311 -0.46856562075995167 2.1022502127369833 1 CAMERA 1 42
43 1 0.96668528544150867 -0.0047620683434761463 0.21308817170072994 0.14174030018735434 -0.32923439712483715 -0.4381547991864907 2.0902893052761615 1 CAMERA 1 43
44 1 0.94547807635329073 -0.0023629523437499432 0.27061484394036461 0.18119942006152856 -0.59829176713944987 -0.50678798273746672 2.0291739788042102 1 CAMERA 1 44
45 1 0.93138958652952619 -0.00037194732377368974 0.31615769688534523 0.18043727569352425 -0.95984482716559871 -0.52050407352055572 2.2497939780685079 1 CAMERA 1 45
46 1 0.88340263713176681 0.0012875435924862319 0.40851452168164681 0.22959531466332858 -1.222839099961319 -0.66400311570229453 2.5294192109664748 1 CAMERA 1 46
47 1 0.82917339896476017 0.0030937457330155083 0.49096685832301856 0.26723294560175653 -1.3894103803687523 -0.80104375020997143 2.7659379494388312 1 CAMERA 1 47
48 1 0.75978192467600414 0.0052866230326161822 0.57369868571442884 0.30589752624379796 -1.5503910629051016 -1.029971534415796 3.1562406699040104 1 CAMERA 1 48
49 1 0.67368838469925429 0.008847140591538882 0.66690637727884705 0.31827907937762323 -1.7366340953350063 -0.99802031030126348 3.634533184915206 1 CAMERA 1 49
50 1 0.58950952369915943 0.020106093417283345 0.72868518323656228 0.34798300275585797 -1.7041101051505851 -1.2234050274310579 3.9516509778685687 1 CAMERA 1 50
51 1 0.55177008902232361 0.014523281248111508 0.75140744001520798 0.3615600949384169 -1.850203061238948 -1.316972874120951 4.0899854959079045 1 CAMERA 1 51
52 1 0.47793427440623848 0.028043019803773533 0.79393672878650989 0.37477578506600928 -1.8127722669264228 -1.4164012191169519 4.3204481917776691 1 CAMERA 1 52
53 1 0.43113928789698858 0.015783308625110466 0.81717181902507563 0.3822303229621784 -1.7436036679966684 -1.5210957468638102 4.5910948867870953 1 CAMERA 1 53
54 1 0.82787301223945176 -0.24167106238675856 -0.50369900559203384 -0.050086774462209278 1.7275472202318294 -1.5082510269985225 5.0874224216005137 1 CAMERA 1 54
55 1 0.87879495081859871 -0.22987421071813097 -0.41478995704771582 -0.053165526375717045 1.8528360793222045 -1.7612020957048227 4.5066221113580225 1 CAMERA 1 55
56 1 0.90443212547919194 -0.23120583952579754 -0.35678832047774339 -0.03533390073333853 1.8748554391498977 -1.6239868376930851 4.2907802884966424 1 CAMERA 1 56
57 1 0.9315758100955509 -0.22507954984805759 -0.28320234091836699 -0.03608518232420152 1.8440954107613019 -1.7102456320004586 3.9136768887498206 1 CAMERA 1 57
58 1 0.95271650557390297 -0.22105493440868607 -0.20800894429432151 -0.014080308028763248 1.8654212015467075 -1.6201607964966294 3.5547714206393013 1 CAMERA 1 58
59 1 0.81320954254588129 0.010210701160883896 -0.53166029122261149 -0.23648111178529641 2.1579326444341906 -1.7555223495859911 4.1241731595699171 1 CAMERA 1 59
60 1 0.87809210775515789 0.014309804823569959 -0.43460410751717077 -0.19967160417350063 2.0703540998411052 -1.5982682978581157 3.6548522069877283 1 CAMERA 1 60
61 1 0.92661512941046986 0.0072168021437027541 -0.3498939318507569 -0.13750111333532783 1.9847767907967211 -1.2371278125149332 3.4967769623995171 1 CAMERA 1 61
62 1 0.96001628597216571 0.017221412305214307 -0.26482128712787095 -0.089116998997725724 1.7966222301895602 -1.0268298436765064 2.9782699420388985 1 CAMERA 1 62
63 1 0.98615076366656573 0.0081736311641039169 -0.16074933220494478 -0.039993940404852296 1.6227499054820504 -0.74418329027430763 2.5396163850484306 1 CAMERA 1 63
64 1 0.99783742611329362 0.0052929471424686941 -0.065325378198376818 0.0050050695682896532 1.2903130308516717 -0.59373437882351887 2.34777109655706 1 CAMERA 1 64
65 1 0.99804817680681579 0.010862334781416448 0.015441525748355571 0.059526512901817194 0.90092115742766543 -0.36536934352838385 2.0408280784565496 1 CAMERA 1 65
66 1 0.98900603076049165 0.0095416204577827794 0.10811777134841319 0.10043194769130584 0.44432381587165171 -0.21156976887870307 1.834684119545857 1 CAMERA 1 66
67 1 0.96939269371823844 0.017048814488846424 0.20127117160861416 0.13956023348188534 -0.050058473925165992 -0.17612826693969821 1.6749040842419554 1 CAMERA 1 67
68 1 0.94008942877696211 0.023694642206878745 0.28355680544099454 0.18779235320052604 -0.69667372937446204 -0.32108748424042455 1.8110134279575121 1 CAMERA 1 68
69 1 0.89935904605912698 0.021450004880735885 0.37210229921318977 0.22854558075467482 -1.1568990537541379 -0.45136718871112408 2.1412785391606297 1 CAMERA 1 69
70 1 0.84164350272099098 0.025499664054537716 0.46569631045267734 0.27223689663859058 -1.4955048335908772 -0.62868608854253949 2.4328367556898884 1 CAMERA 1 70
71 1 0.76889598036680673 0.041730922407537778 0.55619075349106861 0.31258494401013748 -1.7821982001874948 -0.8545639841734276 2.6960125926373579 1 CAMERA 1 71
72 1 0.69401996098156471 0.034731493966905787 0.62436721561941388 0.35678508537442349 -2.0054109961556512 -1.1110362846959856 3.0440783595713063 1 CAMERA 1 72
73 1 0.58673760277891285 0.028476817622600865 0.70468788444967378 0.39792341204456305 -1.8364999400680511 -1.3523972922770156 3.4795762513823547 1 CAMERA 1 73
74 1 0.55506455327225612 0.035301036972916852 0.72691526006070284 0.40280439816390851 -1.7482182578790342 -1.376524195353189 3.5437767169003038 1 CAMERA 1 74
75 1 0.4598655214080436 0.052233171508229148 0.77217125724862845 0.43536989732108533 -1.7228057075069434 -1.649577960647959 3.6540431253144647 1 CAMERA 1 75
76 1 0.43476128545473058 0.051280060043473061 0.77789076077632557 0.45082030168407183 -1.9073392564831713 -1.6949770261984118 3.697364085695789 1 CAMERA 1 76
78 1 0.83285923513224114 -0.021165108648166689 -0.51122070499208216 -0.21107089666329729 1.8595095972964499 -0.72329881466738888 3.2447542494380182 1 CAMERA 1 78
79 1 0.90159633604611056 -0.017271518361230597 -0.40271147211306663 -0.15700067423502784 1.9164085346167328 -0.45049434069904565 2.7111551108799619 1 CAMERA 1 79
80 1 0.9561237072427099 -0.028877521386097272 -0.27493280007080101 -0.096981960447710874 1.8821352089101817 -0.1149844188555697 2.1375005062098285 1 CAMERA 1 80
81 1 0.95950229897162809 -0.016089150668957719 -0.26827344639741113 -0.084414663755578545 2.2968687822576532 -0.21933885824093452 2.025104959925403 1 CAMERA 1 81
82 1 0.97411126803870596 -0.012153078291430256 -0.21800580266262012 -0.058591895117782997 1.7733445767182836 -0.11174284823436555 1.7793448324005809 1 CAMERA 1 82
83 1 0.99471165234339365 -0.01186637741597078 -0.10179777670039297 -0.0067179191833749022 1.3376088830997093 0.17881246569115702 1.2338391337376884 1 CAMERA 1 83
84 1 0.99884517721981436 -0.02041510152272354 0.016284643269694404 0.040327979965693872 0.91904480208004413 0.36041510863209392 0.85056680437005006 1 CAMERA 1 84
85 1 0.98964503344348731 -0.020065686200182026 0.10636665188789657 0.094266703475372707 0.37133886191932086 0.48622168003301713 0.68228808479159786 1 CAMERA 1 85
86 1 0.97426750480577584 -0.011618617339658879 0.18206345474858265 0.13236591425156655 -0.10990658398553951 0.48248434838765369 0.55989783796987491 1 CAMERA 1 86
87 1 0.94498189140193545 -0.014434894901896842 0.27439638507959929 0.17750347204164846 -0.34199768538343817 0.42027931559226539 0.73100897706075874 1 CAMERA 1 87
88 1 0.91017155665745031 -0.0051762300849184763 0.35545911968868515 0.21262586466374903 -0.82912000173624156 0.40867503131315502 0.73374461019149106 1 CAMERA 1 88
89 1 0.84776475263318851 0.0012216429184006956 0.46165386042344309 0.26109221539046479 -1.2275590130808611 0.26392757723407373 0.96320942486926053 1 CAMERA 1 89
90 1 0.78544770512467321 0.0039189969448004854 0.5506836785974083 0.28249607095277895 -1.6411141414986756 0.15698020646222355 1.3409357758121099 1 CAMERA 1 90
91 1 0.72517712547802293 -0.0055493332419127789 0.61360994305097039 0.31236225663960587 -1.7617858922434653 0.036180227396689545 1.6492429497225038 1 CAMERA 1 91
92 1 0.61956492798961527 0.0079478551345663374 0.7037676876621084 0.34754449126221498 -1.8226507772616019 -0.2000990748271235 2.1725617777787449 1 CAMERA 1 92
93 1 0.51855611194142337 0.0075515990429140317 0.76787656191446141 0.3760427073917475 -1.8912655935641964 -0.48849634044480977 2.7573582346674694 1 CAMERA 1 93
94 1 0.41663400204918882 0.015163852278933189 0.82765432257120009 0.37573193669123645 -1.7295490522201433 -0.45446093635325319 3.0722692162422143 1 CAMERA 1 94
