# Camera list with one line of data per camera:
#   CAMERA_ID, MODEL, WIDTH, HEIGHT, PARAMS[]
# Number of cameras: 104
1 SIMPLE_RADIAL 1023 1365 1056.5613335917833 511.5 682.5 0.02487149072056602
2 SIMPLE_RADIAL 1023 1365 1053.5081730723341 511.5 682.5 0.018449271373131446
3 SIMPLE_RADIAL 1023 1365 1054.5790054855113 511.5 682.5 0.010263581294028096
4 SIMPLE_RADIAL 1023 1365 1057.280156420918 511.5 682.5 0.01240081528581327
5 SIMPLE_RADIAL 1023 1365 1052.845075799921 511.5 682.5 0.013228396661419469
6 SIMPLE_RADIAL 1023 1365 1051.1865477394006 511.5 682.5 0.011528119058489822
7 SIMPLE_RADIAL 1023 1365 1049.2404693552685 511.5 682.5 0.019033057543679316
8 SIMPLE_RADIAL 1023 1365 1052.4625888431424 511.5 682.5 0.01068045130644913
9 SIMPLE_RADIAL 1023 1365 1057.6718300709933 511.5 682.5 0.0056570132440489224
10 SIMPLE_RADIAL 1023 1365 1066.1894182433828 511.5 682.5 0.0084474795116792241
11 SIMPLE_RADIAL 1023 1365 1062.7208253692929 511.5 682.5 0.0069979480729706499
12 SIMPLE_RADIAL 1023 1365 1066.6840599139371 511.5 682.5 0.009124503486295241
13 SIMPLE_RADIAL 1023 1365 1071.9595557204937 511.5 682.5 0.012513337606446587
14 SIMPLE_RADIAL 1023 1365 1067.694850499737 511.5 682.5 0.0058851992546119555
15 SIMPLE_RADIAL 1023 1365 1058.1332592631231 511.5 682.5 0.010308663327670364
16 SIMPLE_RADIAL 1023 1365 1074.7499930602235 511.5 682.5 0.004213943841371413
17 SIMPLE_RADIAL 1023 1365 1070.2364439598716 511.5 682.5 0.0059148408916485885
18 SIMPLE_RADIAL 1023 1365 1060.9510476771932 511.5 682.5 0.0076222469685538908
19 SIMPLE_RADIAL 1023 1365 1065.3263117614763 511.5 682.5 0.00053059368240080437
20 SIMPLE_RADIAL 1023 1365 1056.4906599964086 511.5 682.5 0.006319264749624306
21 SIMPLE_RADIAL 1023 1365 1054.0719667584262 511.5 682.5 0.0060063952643810373
22 SIMPLE_RADIAL 1023 1365 1053.0600185115525 511.5 682.5 0.002870888466710676
23 SIMPLE_RADIAL 1023 1365 1052.1305390895488 511.5 682.5 0.011658467306397568
24 SIMPLE_RADIAL 1023 1365 1051.5945931121764 511.5 682.5 0.015176393077352879
25 SIMPLE_RADIAL 1023 1365 1049.5769684714114 511.5 682.5 0.017488502908618277
26 SIMPLE_RADIAL 1023 1365 1047.3260730087618 511.5 682.5 0.018611071528416515
27 SIMPLE_RADIAL 1023 1365 1048.9902948869747 511.5 682.5 0.016633946284014343
28 SIMPLE_RADIAL 1023 1365 1049.6834982992564 511.5 682.5 0.0077847388485848467
29 SIMPLE_RADIAL 1023 1365 1061.377601255351 511.5 682.5 0.015025370822537052
30 SIMPLE_RADIAL 1023 1365 1061.1523892459998 511.5 682.5 0.012360627332109679
31 SIMPLE_RADIAL 1023 1365 1061.7051684292451 511.5 682.5 0.0061595288637120568
32 SIMPLE_RADIAL 1023 1365 1055.5321346435999 511.5 682.5 0.015501877564320548
33 SIMPLE_RADIAL 1023 1365 1059.3345508487785 511.5 682.5 0.0061605716193992585
34 SIMPLE_RADIAL 1023 1365 1057.088827664558 511.5 682.5 0.0083863455804044432
35 SIMPLE_RADIAL 1023 1365 1059.7903810592086 511.5 682.5 0.0054742435850758438
36 SIMPLE_RADIAL 1023 1365 1062.9460493738782 511.5 682.5 0.0043484276318927892
37 SIMPLE_RADIAL 1023 1365 1061.2209139337135 511.5 682.5 0.0058042105962121523
38 SIMPLE_RADIAL 1023 1365 1058.4824710930072 511.5 682.5 0.010158535454893567
39 SIMPLE_RADIAL 1023 1365 1051.3664528478309 511.5 682.5 0.010046831720309499
40 SIMPLE_RADIAL 1023 1365 1055.2093408331737 511.5 682.5 0.0082714995192656113
41 SIMPLE_RADIAL 1023 1365 1046.3337749797406 511.5 682.5 0.018122450666834586
42 SIMPLE_RADIAL 1023 1365 1054.7723649280297 511.5 682.5 0.008935444380778583
43 SIMPLE_RADIAL 1023 1365 1054.6151851055397 511.5 682.5 0.008883874311446634
44 SIMPLE_RADIAL 1023 1365 1054.2687567448386 511.5 682.5 0.0071809419056002959
45 SIMPLE_RADIAL 1023 1365 1059.4459099003304 511.5 682.5 -0.00023448136989333838
46 SIMPLE_RADIAL 1023 1365 1053.6970498264027 511.5 682.5 0.0056731929507174463
47 SIMPLE_RADIAL 1023 1365 1051.0855910398539 511.5 682.5 0.0041853277898853082
48 SIMPLE_RADIAL 1023 1365 1052.3563293795737 511.5 682.5 0.0095871039107395858
49 SIMPLE_RADIAL 1023 1365 1045.6901530406788 511.5 682.5 0.015890290692606224
50 SIMPLE_RADIAL 1023 1365 1043.539795098289 511.5 682.5 0.018375014503728034
51 SIMPLE_RADIAL 1023 1365 1043.7316863250428 511.5 682.5 0.018211886147218814
52 SIMPLE_RADIAL 1023 1365 1042.9524092660738 511.5 682.5 0.019033909804457756
53 SIMPLE_RADIAL 1023 1365 1044.2408983808666 511.5 682.5 0.016405526514231092
54 SIMPLE_RADIAL 1023 1365 1043.680418871664 511.5 682.5 0.016281050275550248
55 SIMPLE_RADIAL 1023 1365 1060.3734583698915 511.5 682.5 0.016589182491949062
56 SIMPLE_RADIAL 1023 1365 1058.8309716918391 511.5 682.5 0.014298168783422485
57 SIMPLE_RADIAL 1023 1365 1058.7603736387853 511.5 682.5 0.012863704941911584
58 SIMPLE_RADIAL 1023 1365 1058.1553422329457 511.5 682.5 0.015443116573903315
59 SIMPLE_RADIAL 1023 1365 1057.0184978041068 511.5 682.5 0.013691485140612688
60 SIMPLE_RADIAL 1023 1365 1056.0263925783117 511.5 682.5 0.010769837704722184
61 SIMPLE_RADIAL 1023 1365 1057.3886905454169 511.5 682.5 0.0058733331366942173
62 SIMPLE_RADIAL 1023 1365 1057.5676121184192 511.5 682.5 0.0051756821107149893
63 SIMPLE_RADIAL 1023 1365 1055.7509864466224 511.5 682.5 0.0018094562435708808
64 SIMPLE_RADIAL 1023 1365 1055.7905420063712 511.5 682.5 0.00139372440792629
65 SIMPLE_RADIAL 1023 1365 1055.675667837281 511.5 682.5 0.00011176802406334626
66 SIMPLE_RADIAL 1023 1365 1054.8405518348591 511.5 682.5 -0.00081176983983210691
67 SIMPLE_RADIAL 1023 1365 1054.5241879147734 511.5 682.5 -0.00052061544885043391
68 SIMPLE_RADIAL 1023 1365 1053.7205968505116 511.5 682.5 -0.0040063152923347596
69 SIMPLE_RADIAL 1023 1365 1052.7714215121691 511.5 682.5 -0.0041019684408819916
70 SIMPLE_RADIAL 1023 1365 1051.3962867364489 511.5 682.5 -0.002822279485890982
71 SIMPLE_RADIAL 1023 1365 1051.8082909319232 511.5 682.5 -0.001337270628737199
72 SIMPLE_RADIAL 1023 1365 1052.1809686655299 511.5 682.5 -9.9396863608521994e-06
73 SIMPLE_RADIAL 1023 1365 1051.4472757364288 511.5 682.5 0.004104476746169111
74 SIMPLE_RADIAL 1023 1365 1050.7543433274889 511.5 682.5 0.0059163057024212307
75 SIMPLE_RADIAL 1023 1365 1052.0098348572694 511.5 682.5 -0.00015196830803873343
76 SIMPLE_RADIAL 1023 1365 1053.8594173941333 511.5 682.5 -0.0033039119168648164
77 SIMPLE_RADIAL 1023 1365 1055.083092143565 511.5 682.5 -0.00063926669300371712
78 SIMPLE_RADIAL 1023 1365 1055.5253699451944 511.5 682.5 -0.0023454202815009813
79 SIMPLE_RADIAL 1023 1365 1052.5107357980896 511.5 682.5 0.0020801707412274719
80 SIMPLE_RADIAL 1023 1365 1053.5414258514106 511.5 682.5 0.0052759855631375396
81 SIMPLE_RADIAL 1023 1365 1054.0625980701352 511.5 682.5 0.00078021835976923703
82 SIMPLE_RADIAL 1023 1365 1055.8339779935652 511.5 682.5 0.024660079498457655
83 SIMPLE_RADIAL 1023 1365 1056.4086519308744 511.5 682.5 0.033642048138519239
84 SIMPLE_RADIAL 1023 1365 1053.9354796527784 511.5 682.5 0.019301095266035156
85 SIMPLE_RADIAL 1023 1365 1049.8053383806043 511.5 682.5 0.009557043070325854
86 SIMPLE_RADIAL 1023 1365 1061.6959929452064 511.5 682.5 0.027978280928092625
87 SIMPLE_RADIAL 1023 1365 1059.279208817783 511.5 682.5 0.015366036061404334
88 SIMPLE_RADIAL 1023 1365 1050.0998650628949 511.5 682.5 0.020851268027420201
89 SIMPLE_RADIAL 1023 1365 1051.3473542516354 511.5 682.5 0.019211722530193768
90 SIMPLE_RADIAL 1023 1365 1052.1899476552639 511.5 682.5 0.02096838726446933
91 SIMPLE_RADIAL 1023 1365 1059.3416208746385 511.5 682.5 0.008835688727575175
92 SIMPLE_RADIAL 1023 1365 1054.6066428670813 511.5 682.5 0.01082824423777466
93 SIMPLE_RADIAL 1023 1365 1042.0722796185905 511.5 682.5 0.012922595935094884
94 SIMPLE_RADIAL 1023 1365 1041.3283305118771 511.5 682.5 0.0071307440853532345
95 SIMPLE_RADIAL 1023 1365 1046.9963612321703 511.5 682.5 0.0068782851636910594
96 SIMPLE_RADIAL 1023 1365 1052.1918123310622 511.5 682.5 0.0031431834067873472
97 SIMPLE_RADIAL 1023 1365 1040.7136625805485 511.5 682.5 0.0047442219998933442
98 SIMPLE_RADIAL 1023 1365 1052.3673270311015 511.5 682.5 0.0027385992247204883
99 SIMPLE_RADIAL 1023 1365 1059.7479512696359 511.5 682.5 0.0012135735035623903
100 SIMPLE_RADIAL 1023 1365 1059.9906189273277 511.5 682.5 0.00043860372226851
101 SIMPLE_RADIAL 1023 1365 1049.7359573241656 511.5 682.5 0.0034734962075536387
102 SIMPLE_RADIAL 1023 1365 1052.34951261418 511.5 682.5 0.0038731494615804538
103 SIMPLE_RADIAL 1023 1365 1054.5781881807466 511.5 682.5 0.0086745764293096102
104 SIMPLE_RADIAL 1023 1365 1049.7510708940792 511.5 682.5 0.0013147211942687496
