# Frame list with one line of data per frame:
#   FRAME_ID, RIG_ID, RIG_FROM_WORLD[QW, QX, QY, QZ, TX, TY, TZ], NUM_DATA_IDS, DATA_IDS[] as (SENSOR_TYPE, SENSOR_ID, DATA_ID)
# Number of frames: 104
1 6 0.78767646094815147 -0.016130624858153857 -0.61415419762149437 -0.046045817983604589 2.0357967321396879 -0.24597190139298356 3.0546005153325964 1 CAMERA 6 1
2 1 0.53918761250895575 -0.014551985034203217 -0.84052416700195542 -0.050833875851891475 2.8440915121601296 -0.30357287289269097 5.0092746055874358 1 CAMERA 1 2
3 3 0.63940931151760849 -0.022635001696923056 -0.76673534692884882 -0.052538526936490193 2.4800368153331682 -0.28193348452754591 4.1675433233741259 1 CAMERA 3 3
4 2 0.57946491922492382 -0.020577608943783122 -0.81281381562058141 -0.055952395249182892 2.5957834432381963 -0.31383134503528154 4.6291561631954892 1 CAMERA 2 4
5 4 0.68795375650345125 -0.014189472148030614 -0.7236921477686109 -0.052801165242878569 2.2539396461686438 -0.32647292298970659 3.8437333153711664 1 CAMERA 4 5
6 5 0.73885587372609307 -0.017515612087201402 -0.67159184879792444 -0.052436531367435792 2.1339810532011088 -0.34198085687989033 3.5229532040386613 1 CAMERA 5 6
7 9 0.89176049052132567 -0.012916509287436104 -0.45111605152240197 -0.033025738323765715 1.3356397727950979 -0.18997146723210301 1.9609189669234912 1 CAMERA 9 7
8 7 0.82665463484851476 -0.014461283077395028 -0.56099599674963441 -0.041430394713406059 1.8437780414391505 -0.24495485895768507 2.7220046473927288 1 CAMERA 7 8
9 8 0.86223753368268241 -0.017382568441010434 -0.50485886954873038 -0.036902624041888168 1.5937622229184427 -0.2084908258674863 2.3092402579085785 1 CAMERA 8 9
10 10 0.91657315173047282 -0.0075893147992112404 -0.39885884472543814 -0.027343770991486684 1.000912976433735 -0.1890885691747724 1.8283829543272743 1 CAMERA 10 10
11 16 0.99539213929450798 -0.0083894677863883185 -0.095520151872225414 8.0294901251621036e-05 -0.77529173617293212 -0.18931669881156979 1.7570346701219466 1 CAMERA 16 11
12 12 0.93998574174967575 0.0091211926660683638 -0.33970956837248417 -0.030676021708182705 0.82793462286264918 -0.31488972320777614 1.5788837451309201 1 CAMERA 12 12
13 15 0.98775274675352476 -0.010381218001528577 -0.15551978929000804 -0.0070948384663471328 -0.44169815607013757 -0.18348012333147551 1.5717185917534946 1 CAMERA 15 13
14 11 0.9180386787287812 0.0067649858837385323 -0.39567720992918992 -0.024469672383549693 1.0970318465661157 -0.23816613935781378 1.7702446898788955 1 CAMERA 11 14
15 13 0.95718123429488267 0.0021543143038427288 -0.28894691789807814 -0.017581873643227816 0.28105271952122429 -0.28462010982403046 1.5505795093328698 1 CAMERA 13 15
16 14 0.97566523515392245 -0.0052638970256941777 -0.2189717598202813 -0.010050308520288685 -0.10063840199183774 -0.20170426304559919 1.5282178389221757 1 CAMERA 14 16
17 17 0.99910593918742097 -0.0089229912463539788 -0.041245885334401322 0.0025454765016475565 -1.0261118000416793 -0.18957918157971543 1.8519597425305165 1 CAMERA 17 17
18 18 0.99972130667356085 -0.0096161581374981202 0.020355327207771362 0.0071062746813931269 -1.412735535317087 -0.18922996323206295 1.8712792607258544 1 CAMERA 18 18
19 20 0.99051382439165947 -0.0092954244183821658 0.13616782229008054 0.015946251806239813 -1.9322016482944873 -0.19620579858996209 2.1110408515695744 1 CAMERA 20 19
20 19 0.99760026185730466 -0.0087794317753093504 0.067962557571735388 0.0098858428193155396 -1.6875785624410322 -0.19536092344456929 1.911909943586388 1 CAMERA 19 20
21 21 0.97935215732098901 -0.0015100921899884765 0.20097310657963502 0.021837628168673094 -2.1535175010729644 -0.25085485367783328 2.2659061812786159 1 CAMERA 21 21
22 27 0.84842645776332304 0.0021661184011901387 0.52707504572909403 0.048577256694114626 -2.6042450694074013 -0.34008326285736001 3.7234218502001881 1 CAMERA 27 22
23 22 0.96588625141171036 0.00085413292920810875 0.25807276384041511 0.021481814507694916 -2.3718821319373458 -0.25540024062725875 2.3937359146520887 1 CAMERA 22 23
24 28 0.83971877989541321 0.005447424844545635 0.5406545573018855 0.050352218642516516 -2.7921240395970091 -0.3699228971655702 3.7497697857470911 1 CAMERA 28 24
25 30 0.56108393556824099 0.041802621889051858 -0.81454584429985089 -0.14125305513261763 2.6351676008134737 0.20235033261683841 4.818125178252278 1 CAMERA 30 25
26 23 0.94502923964355678 0.00090140345308442539 0.32512253402214214 0.034846256062265699 -2.4478422022237476 -0.32869186344053813 2.736761525846136 1 CAMERA 23 26
27 29 0.52581082603838414 0.039486081954961061 -0.83668333574343456 -0.14807032194845049 2.5567982027472551 0.099865063178712382 5.0229255340399037 1 CAMERA 29 27
28 25 0.89056312355664935 0.0036412154163970021 0.45264136794951887 0.044719755501389256 -2.4118647533590707 -0.37473009206420665 3.44996201245843 1 CAMERA 25 28
29 26 0.86498419103338098 0.0092355243479559784 0.49938885428978658 0.048247555000023618 -2.520471498139579 -0.40706301475124668 3.6172074275307122 1 CAMERA 26 29
30 24 0.91963957876802316 2.5608212382139124e-05 0.39027150197503363 0.04417238111924731 -2.4355771395003711 -0.37146573537901878 3.1185571501848921 1 CAMERA 24 30
31 35 0.76699485796012878 0.045989510305435514 -0.6335573497362369 -0.090603186476988257 2.0972930765333384 0.73286765735760084 3.7721472280631616 1 CAMERA 35 31
32 31 0.61669378743420811 0.044122853598852763 -0.77483710929895477 -0.13179302099726492 2.5789951662271307 0.27994035893243796 4.5797532687166509 1 CAMERA 31 32
33 36 0.86030368930513668 0.055511441504993611 -0.50132949754204059 -0.073924129512992903 1.7746249498208628 0.8309872894951128 3.1825374001581066 1 CAMERA 36 33
34 34 0.73969670504464446 0.042077620347099505 -0.66427854923022567 -0.09905688994011709 2.3729261790620959 0.6704116998666938 3.8410685010500218 1 CAMERA 34 34
35 39 0.93708569682256837 0.067560198115265716 -0.33978045422894931 -0.043072721822010523 0.73913937945891672 0.90256802565854188 2.6285645788944532 1 CAMERA 39 35
36 40 0.95763672587429305 0.068362372713127104 -0.27743514795143764 -0.035891864467588304 0.32624782178864564 0.93591025042975629 2.4844859684490443 1 CAMERA 40 36
37 38 0.91612167421674617 0.054806386707439245 -0.39380801691386369 -0.051308710963643755 1.1097405969300209 0.96556469340485462 2.8391333074844654 1 CAMERA 38 37
38 33 0.71217715115814684 0.046796185400983528 -0.69192906510402186 -0.10884847846642999 2.6614746807448091 0.52696037786806071 4.0564135187191201 1 CAMERA 33 38
39 32 0.66091302404712704 0.04362753527601379 -0.73990680015211685 -0.11759481238250806 2.5434018845549646 0.43449317773285007 4.3922495079458921 1 CAMERA 32 39
40 37 0.89066460688491744 0.061185814311000612 -0.44571450097766269 -0.065661539639796068 1.4191670684048459 0.8710877456377194 2.9384599199945165 1 CAMERA 37 40
41 41 0.97342320544217276 0.064310994089082349 -0.2180730898080355 -0.027486117360150171 0.12059045703299061 0.95675657376337464 2.4584729009049759 1 CAMERA 41 41
42 42 0.98375103219022608 0.077914346036686011 -0.15949628750827483 -0.026910882880691368 -0.37532321316955713 0.91495724572916959 2.4592762635591936 1 CAMERA 42 42
43 43 0.99149597762037445 0.091373219856444546 -0.091653890417778994 -0.013646443748081131 -0.76471190975201386 0.80605460770058368 2.5879423970308566 1 CAMERA 43 43
44 47 0.98458019508979511 0.081609346778996963 0.15157110044811417 0.031111982646468243 -2.052981121116519 0.76132019766017822 3.0690806453064812 1 CAMERA 47 44
45 46 0.99091001499816367 0.089004167783495639 0.098199301689014751 0.023075906077472529 -1.6271608011814733 0.73855470808543866 2.9412423333005036 1 CAMERA 46 45
46 44 0.99604600667368026 0.08752047594814176 -0.014063408120503971 0.0058940165644408094 -1.0311465912426621 0.8090825489167256 2.6982572805905933 1 CAMERA 44 46
47 49 0.94705018250437323 0.088313519509855914 0.30485613079309609 0.048573795487675701 -2.3326635319762099 0.55303261798839953 3.7170171303703334 1 CAMERA 49 47
48 48 0.96777492497318396 0.082819281458630545 0.23375410853366266 0.04372273956943911 -2.2835881222185215 0.6285641319201819 3.5017250599012737 1 CAMERA 48 48
49 45 0.99555006219267783 0.084199582241625964 0.040304821820253217 0.012885082713307641 -1.4255170048550669 0.83291734685310548 2.8118508950849406 1 CAMERA 45 49
50 50 0.91928302691652775 0.088858874179958441 0.37507864935773888 0.079616730017196519 -2.4672810595530041 0.29646314444683508 4.0535599610201505 1 CAMERA 50 50
51 51 0.89588420169114968 0.080951588869522431 0.42828157929296862 0.086100094413607456 -2.5008246890975712 0.26785019158765844 4.3915965877487499 1 CAMERA 51 51
52 53 0.84936405118251834 0.082001109916270631 0.51218278988551391 0.0975977267994078 -2.704275279283324 0.17414012696639183 4.7668617400386211 1 CAMERA 53 52
53 52 0.86721177224012502 0.079881170190402931 0.4833427877413326 0.089120650107540528 -2.5963638509686535 0.26855130285817225 4.6281912034306956 1 CAMERA 52 53
54 54 0.8351036485889477 0.083202091059140032 0.53407992936641546 0.10216622340469825 -2.7741540253135635 0.093824964420080037 4.9468416240263897 1 CAMERA 54 54
55 59 0.66859677031042031 -0.10680189323963675 -0.73275853088268816 0.068092949338012507 2.3162665548316084 -0.91047608268275304 4.4119209290453716 1 CAMERA 59 55
56 58 0.62117050959399889 -0.09936375212817708 -0.77362393469859958 0.07602664292995609 2.3203011685346455 -0.77982980276418912 4.7426025481111198 1 CAMERA 58 56
57 60 0.71192297875010824 -0.1030613821361224 -0.69185122755413231 0.062337009645999635 2.2961665245923024 -1.0340772213922174 4.0914447485702761 1 CAMERA 60 57
58 56 0.54279610753407914 -0.090558631439595583 -0.83056002873000212 0.08568289557232539 2.58208706200621 -0.68039025439356382 5.1396952977299302 1 CAMERA 56 58
59 57 0.58506910744944174 -0.096889508820077408 -0.80161785370952587 0.075600127004198478 2.4207711708786475 -0.79652498776845926 4.8879983594432623 1 CAMERA 57 59
60 55 -0.50133725194523571 0.087444686060915044 0.85499564668716321 -0.099984152932888468 2.629108608437118 -0.6390103583672323 5.4403788905897272 1 CAMERA 55 60
61 62 0.78860465646891509 -0.10900021112104831 -0.60293936606322929 0.051824421100312573 1.9235150293535532 -1.2843681556594946 3.2815496859560684 1 CAMERA 62 61
62 61 0.75098342867380929 -0.11264849388125719 -0.64829136198418025 0.055249585159623742 2.1239187299720363 -1.1820592361881321 3.6145577570982406 1 CAMERA 61 62
63 63 0.83237869372932427 -0.10809459193025581 -0.54021684910825429 0.060224790248242392 1.9495379106506434 -1.2745409710406714 2.8691084674149296 1 CAMERA 63 63
64 64 0.85867703307483301 -0.11133221406463689 -0.49699601255206877 0.057217606456510771 1.718022369139 -1.2802562362892704 2.6516721508001355 1 CAMERA 64 64
65 65 0.87901104303763333 -0.1226538934443747 -0.45841676554471417 0.046364616986994969 1.3181565570760958 -1.2836830414847287 2.4608687474369759 1 CAMERA 65 65
66 66 0.90676405101339608 -0.12004621633256411 -0.40167939792459584 0.044961350257136198 1.0310774531513385 -1.2861712731718038 2.2619536422608451 1 CAMERA 66 66
67 67 0.93163687725743016 -0.11768114839311979 -0.34043926632576893 0.048010230060610587 0.74853083962947131 -1.347026289675965 2.0743019624366261 1 CAMERA 67 67
68 69 0.96741595658278023 -0.11947188771543704 -0.22089506882023152 0.032221166422705394 0.086721757207409461 -1.4680958891330778 1.831057030693491 1 CAMERA 69 68
69 70 0.97922767256149568 -0.11725489381972269 -0.15973153225251818 0.043015029575542305 -0.25730593549898595 -1.4399105695224848 1.8803216285184703 1 CAMERA 70 69
70 68 0.94986655854035396 -0.11050921485373835 -0.28895007767794079 0.045266842269223728 0.41800240472069083 -1.4813968411622842 1.9575322795793955 1 CAMERA 68 70
71 71 0.98938202284753041 -0.11336398548230921 -0.08456348658694933 0.033478894813814983 -0.6678510165516609 -1.4666646705722695 1.9750580092538419 1 CAMERA 71 71
72 72 0.99283829480816532 -0.11453430605983013 -0.025497319303981254 0.022447712714633274 -1.1925957505485327 -1.4148511316861481 2.1244487722622174 1 CAMERA 72 72
73 74 0.98798304697676698 -0.11404477069225039 0.099649583517486318 0.030874741602919767 -1.602433844541806 -1.3257297342100474 2.6110075439098566 1 CAMERA 74 73
74 73 0.99202128541035883 -0.11601769901471889 0.041118150750288504 0.027257301535298598 -1.4291931579159263 -1.35512168489063 2.3326952853717962 1 CAMERA 73 74
75 75 0.98049324246714487 -0.098188347982900159 0.16937544748712988 0.017435813293001114 -2.0705112450446705 -1.3205178285468606 2.7340942880247594 1 CAMERA 75 75
76 76 0.96612123240534453 -0.091298484980046959 0.24007666287768512 0.025249690640498059 -2.1307821179946931 -1.3496478368608131 2.8887157942984594 1 CAMERA 76 76
77 77 0.94352447902189607 -0.099578214231701254 0.3146839646868268 0.028631086354961872 -2.2834714332595034 -1.2552556044940553 3.203617917729952 1 CAMERA 77 77
78 80 0.86409971166705823 -0.090439521168401552 0.4949047227600234 0.014889482783549591 -2.4842395723812905 -1.0188397707399977 4.0650228358254692 1 CAMERA 80 78
79 78 0.9200528941549968 -0.10052876423173437 0.37738287268762805 0.031285890127792544 -2.3929907440600009 -1.2767020400175297 3.4597862735465075 1 CAMERA 78 79
80 79 0.89023072768683265 -0.09290160790771454 0.44450329862333338 0.035712186201765257 -2.4465597405949717 -1.2991804745906368 3.8306831738267544 1 CAMERA 79 80
81 81 0.85831245271671364 -0.090964807335220013 0.50327710581621554 0.041680836113725916 -2.5710455086010331 -1.2082690201208608 4.0745330331740295 1 CAMERA 81 81
82 82 0.59721761421793895 0.035473689618080721 -0.79105941095611043 -0.1276626294202213 2.6358073236746642 0.60666929000046688 2.4063175708994917 1 CAMERA 82 82
83 83 0.68802224583068994 0.034886256467762437 -0.71716427555929052 -0.10527934371602715 2.4716892062189113 0.78998604392021243 1.8688665141052634 1 CAMERA 83 83
84 84 0.78657082796108668 0.036231213822921687 -0.61106615254426 -0.08118983286276496 2.0208878990111363 0.98400087580505247 1.2020802424564683 1 CAMERA 84 84
85 85 0.85713680237007572 0.035978918660684311 -0.51033187426629467 -0.059861486305140703 1.4965776238104467 1.1349661478776174 0.61488922776314392 1 CAMERA 85 85
86 86 0.93198375122398591 0.018663424796671466 -0.36024067164601081 -0.035841631120215878 0.76411151182187154 1.2123961299338912 0.10794563539130142 1 CAMERA 86 86
87 90 0.96398127165441294 0.022868084649256989 0.26188292700492094 0.040428840539281828 -2.3056348588094258 0.98836548802680324 1.4067917810727912 1 CAMERA 90 87
88 89 0.99553873278581839 0.025481969203225974 0.087369454323216578 0.02489737375701432 -1.6116421107824912 1.0776867049412979 0.64053252206175915 1 CAMERA 89 88
89 88 0.99865624043719237 0.022671143499240511 -0.046300988219934731 0.0052868873779354951 -0.85978781875049981 1.1713518953858653 0.27129554421661523 1 CAMERA 88 89
90 87 0.97759046651185633 0.022080875663731486 -0.20913020035547566 -0.0096888603216535151 -0.048025401685222763 1.2065660335514856 0.070995222163601462 1 CAMERA 87 90
91 91 0.90317772303248178 0.020221590624540996 0.42392441328313146 0.064414126657339615 -2.6669820065521153 0.80763338263277229 2.2612737627967321 1 CAMERA 91 91
92 92 0.84018110821816605 0.020730958084886113 0.53745383746201369 0.069349155492570008 -2.8594672400934349 0.74012009467819984 2.9594919099142287 1 CAMERA 92 92
93 94 0.82405548292361275 0.036465337366203221 -0.56270883085740642 -0.054420693760657356 1.9071421740599022 -0.7638545779178626 1.2625822180897888 1 CAMERA 94 93
94 93 0.7122262240536521 0.062629340542252859 -0.69416093890839892 -0.083378428669108273 2.3790965529342185 -0.81793247710494188 1.6269292201777545 1 CAMERA 93 94
95 99 0.99886512898088831 0.041531323887383467 -0.0012337302930125172 0.023282636270811057 -1.2236483838780197 -0.75955306319518268 0.89121124586966138 1 CAMERA 99 95
96 98 0.99446198895246674 0.038699946204934915 -0.097390482160219588 0.0079221636589603579 -0.61907428281776489 -0.66933659042089755 0.51707468595282602 1 CAMERA 98 96
97 97 0.97139755296644692 0.048067573797866761 -0.23252177372059007 -0.0031507436925792211 0.14048517050708706 -0.66750453748534799 0.46468559305847246 1 CAMERA 97 97
98 96 0.92684810538654017 0.045501391538815772 -0.37178848872371439 -0.025603370128736092 0.8369777711212022 -0.6714622428953646 0.63484709149297458 1 CAMERA 96 98
99 95 0.85692374005882044 0.043168791117178355 -0.51199749341113254 -0.040947844116658194 1.4965858964419207 -0.67052862942481295 1.0586256369299183 1 CAMERA 95 99
100 100 0.99080955465726284 0.036628166643931814 0.12571649060097331 0.0339141238889673 -1.8317846246293172 -0.78420067504341062 1.4452154632172551 1 CAMERA 100 100
101 101 0.97106433418209692 0.03262937466003054 0.23004649190368115 0.05520864381223041 -2.174103602854359 -0.87568967827024724 1.8084825146037766 1 CAMERA 101 101
102 102 0.93749878187001501 0.028708199173074402 0.33982922626283063 0.069195160741795575 -2.3448523016126108 -0.93027513101319781 2.4086472238241714 1 CAMERA 102 102
103 103 0.89146189012041721 0.026256268982143706 0.44346118730664785 0.089154260440254193 -2.4879518226699693 -1.054849007467223 2.7657652281714702 1 CAMERA 103 103
104 104 0.85721468869007345 0.025097079460428096 0.50680296504222166 0.087771685189189694 -2.7308213121853657 -1.0068278798738826 3.0742850077216537 1 CAMERA 104 104
