# Camera list with one line of data per camera:
#   CAMERA_ID, MODEL, WIDTH, HEIGHT, PARAMS[]
# Number of cameras: 94
1 SIMPLE_RADIAL 1023 1365 1061.0942178025552 511.5 682.5 0.0063170205726704228
2 SIMPLE_RADIAL 1023 1365 1060.6628134605185 511.5 682.5 0.016700275731723589
3 SIMPLE_RADIAL 1023 1365 1066.3120874410056 511.5 682.5 0.0048364004679241884
4 SIMPLE_RADIAL 1023 1365 1063.4683838331948 511.5 682.5 0.0049627520749067353
5 SIMPLE_RADIAL 1023 1365 1056.5829450443209 511.5 682.5 -0.0010866457139457834
6 SIMPLE_RADIAL 1023 1365 1054.2086304452757 511.5 682.5 0.0017901764143641403
7 SIMPLE_RADIAL 1023 1365 1055.2487929417848 511.5 682.5 8.281947797617697e-05
8 SIMPLE_RADIAL 1023 1365 1046.2198923923681 511.5 682.5 0.0017837747095042864
9 SIMPLE_RADIAL 1023 1365 1041.2674365104954 511.5 682.5 0.0020303829126173266
10 SIMPLE_RADIAL 1023 1365 1040.0188794896676 511.5 682.5 0.0035921957779654224
11 SIMPLE_RADIAL 1023 1365 1042.4950958110026 511.5 682.5 0.0011758485193927787
12 SIMPLE_RADIAL 1023 1365 1051.591129488477 511.5 682.5 -0.0057888946599762067
13 SIMPLE_RADIAL 1023 1365 1065.9172062421919 511.5 682.5 -0.0066976339963438162
14 SIMPLE_RADIAL 1023 1365 1055.7983531488487 511.5 682.5 -0.00042005989098737283
15 SIMPLE_RADIAL 1023 1365 1075.1361409886838 511.5 682.5 -0.0090123610228068553
16 SIMPLE_RADIAL 1023 1365 1066.4304508175267 511.5 682.5 -0.0057147287308751005
17 SIMPLE_RADIAL 1023 1365 1061.7342291228051 511.5 682.5 -0.0052268235579395637
18 SIMPLE_RADIAL 1023 1365 1062.6105338185796 511.5 682.5 0.0081968934456549854
19 SIMPLE_RADIAL 1023 1365 1057.1217567516676 511.5 682.5 0.016440748863865932
20 SIMPLE_RADIAL 1023 1365 1057.2002184735304 511.5 682.5 0.014821313232552308
21 SIMPLE_RADIAL 1023 1365 1051.5830557880408 511.5 682.5 0.019489914806014565
22 SIMPLE_RADIAL 1023 1365 1048.5388623134718 511.5 682.5 0.022247645214929074
23 SIMPLE_RADIAL 1023 1365 1043.7805485338693 511.5 682.5 0.025007901497575737
24 SIMPLE_RADIAL 1023 1365 1046.4769015860402 511.5 682.5 0.023359164470579133
25 SIMPLE_RADIAL 1023 1365 1047.5913087887097 511.5 682.5 0.019641888144809716
26 SIMPLE_RADIAL 1023 1365 1037.0066714622194 511.5 682.5 0.024795075788062591
27 SIMPLE_RADIAL 1023 1365 1046.740434126637 511.5 682.5 0.018000218935516746
28 SIMPLE_RADIAL 1023 1365 1047.1575076053705 511.5 682.5 0.017611029851373843
29 SIMPLE_RADIAL 1023 1365 1043.0815705960836 511.5 682.5 0.020833929829127913
30 SIMPLE_RADIAL 1023 1365 1045.9316401208807 511.5 682.5 0.016512759226395998
31 SIMPLE_RADIAL 1023 1365 1048.7650950723721 511.5 682.5 0.01582355988598479
32 SIMPLE_RADIAL 1023 1365 1051.1146190094578 511.5 682.5 0.0075093134960901213
33 SIMPLE_RADIAL 1023 1365 1054.6035898500447 511.5 682.5 5.7022315978730737e-06
34 SIMPLE_RADIAL 1023 1365 1059.263283664008 511.5 682.5 0.00063836909455672211
35 SIMPLE_RADIAL 1023 1365 1066.4624453577915 511.5 682.5 -0.00068656024901290005
36 SIMPLE_RADIAL 1023 1365 1064.5236362666833 511.5 682.5 -0.0016664110764930593
37 SIMPLE_RADIAL 1023 1365 1059.8503130103288 511.5 682.5 -0.00084328554639549649
38 SIMPLE_RADIAL 1023 1365 1059.5794917733167 511.5 682.5 -0.0045604103797958588
39 SIMPLE_RADIAL 1023 1365 1055.1349829328769 511.5 682.5 -0.001295126613868471
40 SIMPLE_RADIAL 1023 1365 1054.7968486289997 511.5 682.5 0.0027426585569654363
41 SIMPLE_RADIAL 1023 1365 1041.6756957000393 511.5 682.5 0.0096769366723254598
42 SIMPLE_RADIAL 1023 1365 1063.4856127655751 511.5 682.5 -0.00010540179491084273
43 SIMPLE_RADIAL 1023 1365 1061.5534557556468 511.5 682.5 0.0014334743674573451
44 SIMPLE_RADIAL 1023 1365 1051.3349099427774 511.5 682.5 0.0062757260614249551
45 SIMPLE_RADIAL 1023 1365 1065.7470446023506 511.5 682.5 0.0022444187648896097
46 SIMPLE_RADIAL 1023 1365 1056.4056514141985 511.5 682.5 0.011582552198155271
47 SIMPLE_RADIAL 1023 1365 1062.6512809429178 511.5 682.5 -0.012710728600131473
48 SIMPLE_RADIAL 1023 1365 1049.9564111258637 511.5 682.5 0.010328663014451357
49 SIMPLE_RADIAL 1023 1365 1057.4385480920887 511.5 682.5 0.0064604735827595997
50 SIMPLE_RADIAL 1023 1365 1051.5558804998527 511.5 682.5 0.0028763647445190425
51 SIMPLE_RADIAL 1023 1365 1048.3118092058312 511.5 682.5 0.0017160511246185706
52 SIMPLE_RADIAL 1023 1365 1048.7760030318536 511.5 682.5 0.0067025609253578387
53 SIMPLE_RADIAL 1023 1365 1047.7697210306042 511.5 682.5 0.010379690824258348
54 SIMPLE_RADIAL 1023 1365 1066.5357268928328 511.5 682.5 0.0033528266619544432
55 SIMPLE_RADIAL 1023 1365 1066.2326453190856 511.5 682.5 0.0012976209851454912
56 SIMPLE_RADIAL 1023 1365 1060.2174049200505 511.5 682.5 -0.0021761964849286121
57 SIMPLE_RADIAL 1023 1365 1064.6329056799195 511.5 682.5 -0.0038505105752553647
58 SIMPLE_RADIAL 1023 1365 1057.0891880412605 511.5 682.5 -0.0017420516083609359
59 SIMPLE_RADIAL 1023 1365 1052.0991335212907 511.5 682.5 0.0054477094562680765
60 SIMPLE_RADIAL 1023 1365 1051.2773072682555 511.5 682.5 -0.0010754845028223229
61 SIMPLE_RADIAL 1023 1365 1054.2144844953968 511.5 682.5 0.00096866939250640533
62 SIMPLE_RADIAL 1023 1365 1055.8135257502288 511.5 682.5 -1.5795752718898161e-05
63 SIMPLE_RADIAL 1023 1365 1055.3651707824899 511.5 682.5 0.002891410323028522
64 SIMPLE_RADIAL 1023 1365 1056.458767619401 511.5 682.5 0.001827294871395848
65 SIMPLE_RADIAL 1023 1365 1059.3896342772266 511.5 682.5 0.0010731024402118676
66 SIMPLE_RADIAL 1023 1365 1063.6203902850204 511.5 682.5 0.00083410659567859167
67 SIMPLE_RADIAL 1023 1365 1059.3377457177937 511.5 682.5 0.0061557172575279701
68 SIMPLE_RADIAL 1023 1365 1059.5028279972496 511.5 682.5 0.0067832269435443848
69 SIMPLE_RADIAL 1023 1365 1056.8591739825576 511.5 682.5 0.0095996229516441978
70 SIMPLE_RADIAL 1023 1365 1054.231333974559 511.5 682.5 0.01348354109163032
71 SIMPLE_RADIAL 1023 1365 1048.0271274681161 511.5 682.5 0.013905721938630558
72 SIMPLE_RADIAL 1023 1365 1041.6511568087776 511.5 682.5 0.0084544581394751205
73 SIMPLE_RADIAL 1023 1365 1039.0469919564723 511.5 682.5 0.022600864037881273
74 SIMPLE_RADIAL 1023 1365 1040.0498106099574 511.5 682.5 0.022774718553801841
75 SIMPLE_RADIAL 1023 1365 1044.3499913299083 511.5 682.5 0.0075873131450045336
76 SIMPLE_RADIAL 1023 1365 1043.616864015733 511.5 682.5 0.0072323316878301711
77 SIMPLE_RADIAL 1023 1365 1058.819864996763 511.5 682.5 -0.0016705022636138355
78 SIMPLE_RADIAL 1023 1365 1057.6475920946102 511.5 682.5 0.0031509365203792653
79 SIMPLE_RADIAL 1023 1365 1061.2433707212028 511.5 682.5 0.0049605799589898759
80 SIMPLE_RADIAL 1023 1365 1059.3856546058241 511.5 682.5 0.0020475961323023492
81 SIMPLE_RADIAL 1023 1365 1058.8265900583035 511.5 682.5 0.0010230895506492589
82 SIMPLE_RADIAL 1023 1365 1050.8411580280488 511.5 682.5 0.0035956167832825597
83 SIMPLE_RADIAL 1023 1365 1069.6243277065748 511.5 682.5 -0.01249605392163348
84 SIMPLE_RADIAL 1023 1365 1059.3354330055415 511.5 682.5 -0.0074354237537869704
85 SIMPLE_RADIAL 1023 1365 1058.2639787252019 511.5 682.5 -0.0017155428733950319
86 SIMPLE_RADIAL 1023 1365 1059.2123739603278 511.5 682.5 0.0025209310269180491
87 SIMPLE_RADIAL 1023 1365 1047.8956778585687 511.5 682.5 0.020018930981341703
88 SIMPLE_RADIAL 1023 1365 1050.8802196482536 511.5 682.5 0.017419797371790457
89 SIMPLE_RADIAL 1023 1365 1047.1557089168452 511.5 682.5 0.021840165260934536
90 SIMPLE_RADIAL 1023 1365 1049.6192986694082 511.5 682.5 0.025875254071673726
91 SIMPLE_RADIAL 1023 1365 1051.4014526091858 511.5 682.5 0.019760524210740722
92 SIMPLE_RADIAL 1023 1365 1053.0777503044112 511.5 682.5 0.01194854525599566
93 SIMPLE_RADIAL 1023 1365 1047.8119856733886 511.5 682.5 0.027235367956434404
94 SIMPLE_RADIAL 1023 1365 1051.4839004431569 511.5 682.5 -0.011459923363446641
