# Frame list with one line of data per frame:
#   FRAME_ID, RIG_ID, RIG_FROM_WORLD[QW, QX, QY, QZ, TX, TY, TZ], NUM_DATA_IDS, DATA_IDS[] as (SENSOR_TYPE, SENSOR_ID, DATA_ID)
# Number of frames: 94
1 1 0.7213563867234456 -0.15598276784840967 -0.65793936226569105 -0.14976693576707667 1.7850460611750738 -1.7108483094833871 5.6239063276771066 1 CAMERA 1 1
2 2 0.76115804040366497 -0.1696857079159993 -0.60815208589491498 -0.14831128911705604 1.7513933075067223 -1.7029643040732612 5.2781575495625521 1 CAMERA 2 2
3 3 0.82225774359760184 -0.16648215344135794 -0.52896691579066146 -0.12794490094655628 2.062411748621884 -1.7682065304176031 4.7517955141661048 1 CAMERA 3 3
4 4 0.87292657624961312 -0.16086064867357869 -0.44865448796360685 -0.1040778296062993 2.2723210642980711 -1.8117259615348005 4.4062587724282638 1 CAMERA 4 4
5 6 0.93296879463670157 -0.16834241096625091 -0.31187517032312229 -0.062959820839432842 2.3118050946859809 -1.6151447717881202 3.6704224329394468 1 CAMERA 6 5
6 8 0.9729587666090328 -0.16175099701628604 -0.16304691414812142 -0.02456740176824368 1.8241164533477567 -1.5318383417568213 3.126606607996429 1 CAMERA 8 6
7 7 0.95811592325132444 -0.15564363052010358 -0.23710140870050045 -0.039646688172181067 2.1781948600263012 -1.674201336028867 3.3743947216121537 1 CAMERA 7 7
8 5 0.90916864380973972 -0.16232697728293699 -0.37528835023574258 -0.078873213049032082 2.4291235793234001 -1.732589682112869 4.0987812087883615 1 CAMERA 5 8
9 9 0.98263812292647601 -0.15759612208530804 -0.09778545099220326 0.0048772173886425961 1.7294713011128282 -1.4588956704811658 2.7953474094588699 1 CAMERA 9 9
10 10 0.98770312971667407 -0.14981337954171428 -0.029936523936275449 0.033200653499441811 1.4121783274519359 -1.4259878648686848 2.4595284865327818 1 CAMERA 10 10
11 11 0.98726014302783005 -0.14754975956529548 0.036183696816512657 0.047299244450442993 1.0679099221852622 -1.3547513443975905 2.1541907563400815 1 CAMERA 11 11
12 18 0.83666701045790215 -0.08977084789465696 0.50284062423768749 0.1976886822657376 -1.1289337803540549 -1.3985712740762648 2.7651868198383469 1 CAMERA 18 12
13 17 0.88923298549317853 -0.10611643911845405 0.41125104841045995 0.16993108615261007 -1.0182624293252063 -1.3067979530281186 2.3273507873594852 1 CAMERA 17 13
14 12 0.98242915700179723 -0.14723187955813041 0.09213327270531696 0.068316800094310653 0.73857216859824149 -1.2686369364959875 2.0032559010349229 1 CAMERA 12 14
15 16 0.91863679189832326 -0.1190918512307188 0.34742344122283469 0.14567267427380082 -0.71527508074501256 -1.2679791464063348 2.3004882650881395 1 CAMERA 16 15
16 13 0.97147184027914668 -0.14026475237642538 0.16858111116539148 0.090269993595160469 0.4016587089711251 -1.2692593702667698 1.9857173603124501 1 CAMERA 13 16
17 15 0.94313433987924611 -0.13286357087175821 0.28008227229106464 0.11999503833083337 -0.45349204639145763 -1.2070214967145485 2.1920783341300378 1 CAMERA 15 17
18 19 0.78123350606990538 -0.085270264433465401 0.57487574879752956 0.22786194162617321 -1.1500173032054444 -1.5057004246075345 3.1226713328816693 1 CAMERA 19 18
19 14 0.95624669902780313 -0.1336432833226591 0.23720665081386066 0.10707347118143139 0.023329809985313262 -1.2393922388390177 1.9605559286678467 1 CAMERA 14 19
20 20 0.72187345427643546 -0.076683086976338355 0.64189822702615618 0.24695158700333075 -1.1689732673082898 -1.577051673772667 3.4109768777589524 1 CAMERA 20 20
21 23 0.55407237095963568 -0.027304265026846658 0.77986087314167363 0.28995741651700868 -1.3819600195402297 -1.8042904164777305 3.9608112910338789 1 CAMERA 23 21
22 21 0.6650639516733915 -0.053585360309369674 0.69763973427489301 0.2609930085384371 -1.311498971525547 -1.6412708336643989 3.6211228746907431 1 CAMERA 21 22
23 24 0.52485054895234173 -0.021464899999092388 0.79970894075239518 0.2907520755095937 -1.5299909972847494 -1.7642242999663214 3.9929793223112533 1 CAMERA 24 23
24 26 0.4938392389318122 -0.026928394934201547 0.81302969124238145 0.30721391374062818 -1.5537535333141161 -1.896979727059499 3.9689463558528622 1 CAMERA 26 24
25 27 0.48823291099013427 -0.02421292595496502 0.81551752171937497 0.30979594995978821 -1.7044849158345958 -1.9281309263089335 3.9810593377651102 1 CAMERA 27 25
26 29 0.46164661411050606 -0.03032285293925361 0.8282247579876898 0.31623832551757958 -1.9489222803763409 -1.8818818211552382 3.9477395240347111 1 CAMERA 29 26
27 28 0.47799645181840411 -0.023780392738006528 0.82136972297682986 0.31033153746792785 -1.8115464021157119 -1.8874307560946799 3.9885458879025548 1 CAMERA 28 27
28 25 0.51339411184376738 -0.02737166140502938 0.80451555891296778 0.29737517304414129 -1.5590903552412048 -1.8221560719180239 3.9803932362767855 1 CAMERA 25 28
29 22 0.60456021786250758 -0.038342954649586945 0.74513463812475444 0.27894646775585547 -1.2026027059887825 -1.7293254804679885 3.8160853508129073 1 CAMERA 22 29
30 30 0.45189135476693443 -0.019894903670444608 0.83600242968888638 0.31064180956388837 -2.1403824793697344 -1.7876158328048777 3.8980355582287616 1 CAMERA 30 30
31 33 0.89090322254775423 -0.031153848611550402 -0.4177466933410432 -0.17552374760510311 2.1096728651791672 -1.267811936321974 3.7966357033123641 1 CAMERA 33 31
32 31 0.43390441562496479 -0.022603174167094016 0.84597262670237305 0.3091057577739651 -2.1251349015863656 -1.7547676195184219 3.949188292588834 1 CAMERA 31 32
33 32 0.85434977558823311 -0.019695964239684609 -0.47320293491429816 -0.2139568001571798 2.1345240967851229 -1.5731921976579619 4.0130548295890547 1 CAMERA 32 33
34 36 0.95699944200781195 -0.02424479673260696 -0.27508973451712238 -0.088825085372491924 1.6570365168606493 -1.0212629363369687 3.3767753944506862 1 CAMERA 36 34
35 34 0.9191101902697385 -0.02927107458472197 -0.36580692198450665 -0.14340487496316698 2.0086546485103769 -1.1206264840813398 3.5371076628269549 1 CAMERA 34 35
36 35 0.93433949463505217 -0.029850243822777525 -0.33260932285048622 -0.12445766373260035 1.7667890593621993 -1.0949767550704108 3.553912557974328 1 CAMERA 35 36
37 37 0.98032551364818299 -0.020542381466722593 -0.19087963015852119 -0.045878803871155671 1.3896504486018166 -0.8532346813002476 3.0167789544168184 1 CAMERA 37 37
38 38 0.99527877335434911 -0.016457417822344698 -0.095258233655444335 0.0086709647518404404 1.202182456390432 -0.61493177436090185 2.5716343357893421 1 CAMERA 38 38
39 40 0.998471897424003 -0.019877555987733091 0.0024845090576670176 0.051503204145064166 0.73282620252594322 -0.52593220336671065 2.3921534375060602 1 CAMERA 40 39
40 39 0.99767796597770086 -0.015651091002432827 -0.061697696219453466 0.024230431986308497 1.0409417040297069 -0.61491271984820317 2.4052379511751529 1 CAMERA 39 40
41 41 0.98887651302730484 -0.012589114103069525 0.10307483479231709 0.10649100723345174 0.28677048029358926 -0.4507045414194939 2.156079843804104 1 CAMERA 41 41
42 42 0.98873070300414945 -0.011259097662846093 0.10253164167783078 0.10849927240119128 0.18484938857808553 -0.48487539989462197 2.1638286857596576 1 CAMERA 42 42
43 43 0.96786133888956349 -0.010215531910428 0.2039928895582119 0.14672072996131014 -0.36461164616654668 -0.45817506461094482 2.1541931472277751 1 CAMERA 43 43
44 48 0.76333885018654679 0.0036286884177777761 0.56546883089193478 0.31232296378261371 -1.542277668347573 -1.0559441214162513 3.1981882361054201 1 CAMERA 48 44
45 46 0.88586904135112576 -0.0021097456675151565 0.39957385171997384 0.23573783652718994 -1.2377961174520322 -0.68881175101223602 2.5915751063103762 1 CAMERA 46 45
46 49 0.67787040553730804 0.008547968426510252 0.659917110121791 0.32392599972982861 -1.7178857569805819 -1.0168150947961991 3.7031153436089017 1 CAMERA 49 46
47 45 0.93300221358378277 -0.0049779560534253522 0.30795152890189992 0.18613958538761702 -0.98893305487615235 -0.54458762653210901 2.3399616341962348 1 CAMERA 45 47
48 50 0.59530208987103239 0.019599542716883783 0.7222274533375288 0.35159463216331666 -1.6763995155475429 -1.2373179844400299 4.0074171024436378 1 CAMERA 50 48
49 47 0.83151753476440859 0.00020697631973511243 0.48344677075534892 0.27360147365529441 -1.3958236339701555 -0.82917668377790676 2.845402444927684 1 CAMERA 47 49
50 44 0.94673522395668164 -0.0078458543713831527 0.26218037199782657 0.18679483619189319 -0.62965121106527366 -0.53273685186946218 2.0623621928455416 1 CAMERA 44 50
51 51 0.55726842151348766 0.014547149392173032 0.74577881289546777 0.36476601961347027 -1.8200639572167143 -1.3271988749089714 4.1307163925601564 1 CAMERA 51 51
52 52 0.48489499521030993 0.028366931112010343 0.78851837615715981 0.37724121103314778 -1.7787875157852007 -1.4226806997787946 4.3657196013949928 1 CAMERA 52 52
53 53 0.43781014949945002 0.016867574348462797 0.81217367627017678 0.38524236203285661 -1.7053229923689019 -1.5247721736369348 4.6286496257162142 1 CAMERA 53 53
54 59 0.80999253949394101 0.00082143986413195141 -0.53627668119945726 -0.23731568090288904 2.1257650027285924 -1.7402983022443903 4.079240297333703 1 CAMERA 59 54
55 60 0.87577196304487603 0.0042975100027970795 -0.43951328898548109 -0.19958223607692488 2.0282609649967007 -1.5851184634215005 3.6160853833421136 1 CAMERA 60 55
56 54 0.82074301432081875 -0.25152815420003283 -0.51070465465455317 -0.047908744530352036 1.6810130845612288 -1.5099107052278207 5.1147923738297134 1 CAMERA 54 56
57 58 0.94968729453288026 -0.2291698880666963 -0.21327645619620753 -0.0093999063135543834 1.8140681542269037 -1.622309233211535 3.5584145173054629 1 CAMERA 58 57
58 56 0.90005601633805099 -0.23985068768597317 -0.36239122227972653 -0.032301967197829136 1.8254280478107243 -1.6279550239311509 4.2949441919470068 1 CAMERA 56 58
59 57 0.92773597809968456 -0.23360654529746205 -0.28933230541322336 -0.031949240646307414 1.7951197723441608 -1.7110324762194424 3.9388645708966381 1 CAMERA 57 59
60 55 0.8733862910827136 -0.23906773275237136 -0.4212782294009646 -0.050672074540226299 1.804798666344241 -1.7637076525375532 4.5350228619755359 1 CAMERA 55 60
61 61 0.9246590999780615 -0.0026203662307348044 -0.35553955203034698 -0.13634628506357799 1.9365076068770242 -1.2299239987873809 3.4805428152217464 1 CAMERA 61 61
62 62 0.95854356620172221 0.0074582541180323401 -0.27123235511531418 -0.08701503133019893 1.7445481162615668 -1.0258991168930651 2.9773625047180947 1 CAMERA 62 62
63 63 0.9851205022476951 -0.00088255197414914891 -0.16780684921806929 -0.037117091868386319 1.5690739862406915 -0.74864040501515938 2.5480888012861285 1 CAMERA 63 63
64 66 0.98965265323340768 0.0032090369331804706 0.098368557788512404 0.10440763798039891 0.40430619114443728 -0.22897671704018213 1.8953638051002946 1 CAMERA 66 64
65 64 0.99726417222574448 -0.0028239338440458044 -0.0734080574567227 0.0082129953717141671 1.2387371096592465 -0.60293747773689943 2.368753174352864 1 CAMERA 64 65
66 65 0.99796871335697934 0.0036312370576217427 0.0067376455938170489 0.063244489166240675 0.85312062597884852 -0.37962588644502709 2.0794861401204003 1 CAMERA 65 66
67 70 0.84453423788871207 0.023242260685732565 0.45675776752427316 0.27855710394493782 -1.5025424064830941 -0.65562236544565178 2.4868494931568463 1 CAMERA 70 67
68 69 0.90183203130266398 0.018222806769121715 0.36260527073689752 0.23427405802561163 -1.175019874746821 -0.47565197220106886 2.1992239171118491 1 CAMERA 69 68
69 68 0.94211534774433769 0.019407084869376257 0.27360139684019136 0.19283234233015623 -0.72267295572617662 -0.34395874311192093 1.8714317389078465 1 CAMERA 68 69
70 67 0.97094796827652141 0.01214401942731534 0.19078685948910939 0.14391990806739444 -0.081271953533725072 -0.1937734544672863 1.7273489743017285 1 CAMERA 67 70
71 80 0.95431705728511285 -0.037414788724850399 -0.28102121314573864 -0.094372482861557513 1.8317667077229967 -0.10554632210662875 2.139002790017849 1 CAMERA 80 71
72 72 0.6983115102148677 0.035078463528640413 0.61550672234500559 0.36370594007523299 -1.9891053530671072 -1.1358161838037995 3.0446231527027199 1 CAMERA 72 72
73 73 0.59200807947682099 0.030470829904187174 0.69600692711926615 0.40518183542838221 -1.8083176222342334 -1.3730750844799398 3.4704899823179365 1 CAMERA 73 73
74 74 0.56072920063855869 0.037604196469779756 0.7183117096743562 0.41011824600206281 -1.7168614964532498 -1.3966593148654993 3.5357670223075672 1 CAMERA 74 74
75 75 0.46632639280409682 0.054653020421098722 0.76477667312366726 0.44121353444683181 -1.6851438856049579 -1.6658083691053609 3.6531303232276322 1 CAMERA 75 75
76 76 0.44095650186060864 0.054460544285608273 0.77119052754724737 0.45591291142538254 -1.8693641860144861 -1.7077703176538908 3.6981685836420657 1 CAMERA 76 76
77 78 0.83001044025456261 -0.027983147114669749 -0.51505002486641871 -0.21218643790564798 1.8275709218572473 -0.70661124059713976 3.208625708565259 1 CAMERA 78 77
78 77 0.75018221394707796 -0.031077823688185041 -0.60470106186926764 -0.26570178871518119 1.7813382753753424 -0.99217319748198463 3.580714590294428 1 CAMERA 77 78
79 79 0.89898865424198449 -0.02589196100959739 -0.40852838468144226 -0.15573556051472184 1.87287101887575 -0.43565639409174522 2.7077967310656064 1 CAMERA 79 79
80 71 0.7725719915065572 0.040609943309255526 0.54747856191598221 0.31898365896456099 -1.7766457138642553 -0.8825170468120227 2.7294189718307855 1 CAMERA 71 80
81 81 0.95773437890559376 -0.024838039310914307 -0.27468738371106016 -0.081699280874919317 2.247756833940318 -0.21240963095986926 2.0262953154367818 1 CAMERA 81 81
82 82 0.97287466065637407 -0.020638068888912248 -0.2237522323828309 -0.054990028814151062 1.7199280790588376 -0.10631553019442705 1.7613542951809347 1 CAMERA 82 82
83 83 0.99384725522402628 -0.018719110139920832 -0.1091227600939329 -0.0030743176024681453 1.2839340875601484 0.17909348177404949 1.270801396787713 1 CAMERA 83 83
84 86 0.97506949313813018 -0.015550830974629832 0.17341277818242684 0.13757057668848027 -0.14937528323803134 0.4718923611635274 0.60411964067630419 1 CAMERA 86 84
85 84 0.99856604791983894 -0.026585161230897759 0.010102889511970118 0.045354258538642146 0.86400272345777385 0.35679321407398956 0.87383504091929776 1 CAMERA 84 85
86 89 0.85082719037386223 -0.00035053376805413986 0.45213174679910223 0.26771225743882099 -1.2339544189930245 0.24529133611403151 1.0058072555779194 1 CAMERA 89 86
87 88 0.91257495698436819 -0.0076082941353961941 0.34545732596677475 0.21865108662253044 -0.84730551937113818 0.3932975172613164 0.77762730356090337 1 CAMERA 88 87
88 85 0.98975315787529428 -0.025693638567898924 0.099239146918169138 0.099398768261881029 0.32250150251079857 0.4759529754883966 0.71605783497528164 1 CAMERA 85 88
89 87 0.94708455298850736 -0.016641971018800342 0.26317941450072674 0.18300407119576109 -0.36498938784623119 0.41074270646778743 0.76270589992295379 1 CAMERA 87 89
90 90 0.78918224748544119 0.0038302035266307329 0.54129174313384121 0.29013782692006967 -1.63709485125093 0.13994388804769756 1.3903429318026232 1 CAMERA 90 90
91 91 0.7293639170849936 -0.0051802383536028581 0.60442149367763143 0.32043111516445399 -1.748476079461333 0.018983275656639109 1.6978135540980563 1 CAMERA 91 91
92 92 0.62474611806556801 0.0098136268721730688 0.69497005713092297 0.35582664372002698 -1.7970353742010132 -0.21645752417189909 2.2131280430176381 1 CAMERA 92 92
93 93 0.5242193090348467 0.012108098925460537 0.75946257752224045 0.38505078018193151 -1.8586555432843386 -0.50102981278988146 2.7856562660718445 1 CAMERA 93 93
94 94 0.42229121779852441 0.020909206734057075 0.82113612368900468 0.38336457689383274 -1.6886216293747296 -0.46113584000409841 3.0895994298538341 1 CAMERA 94 94
