# Frame list with one line of data per frame:
#   FRAME_ID, RIG_ID, RIG_FROM_WORLD[QW, QX, QY, QZ, TX, TY, TZ], NUM_DATA_IDS, DATA_IDS[] as (SENSOR_TYPE, SENSOR_ID, DATA_ID)
# Number of frames: 104
1 1 0.68086195598306898 -0.0016297383972551597 -0.73164951497753827 -0.033366571307209894 2.7072060634556747 -0.30549397263480016 5.0667550186323087 1 CAMERA 1 1
2 1 0.71557690758831471 -0.0045426649953630629 -0.69730250470753519 -0.04121007704048147 2.4631842509247504 -0.3160854775509111 4.713512279097384 1 CAMERA 1 2
3 1 0.76611168690217579 -0.0047142553274925258 -0.64146178502500717 -0.039716965407009107 2.3583164651576132 -0.28392111705940853 4.2705831096332547 1 CAMERA 1 3
4 1 0.80701389094795151 0.003555425009852222 -0.58929705688863943 -0.038012070614937235 2.1420456218011492 -0.33331758084597501 3.9456147046467511 1 CAMERA 1 4
5 1 0.84697085616935086 0.0023764881846905016 -0.53016148903715288 -0.039541328323331883 2.0390509008913651 -0.34711497155844245 3.6613371312476453 1 CAMERA 1 5
6 1 0.88499408163896298 0.0029509165849382194 -0.46440317802155062 -0.03326343035228202 1.9584228207244021 -0.2540752725588043 3.2128237777441546 1 CAMERA 1 6
7 1 0.9140190222919361 0.0032500615255951618 -0.40465437740185017 -0.028521901025251872 1.7821059206108325 -0.25938206558193277 2.8914750787749162 1 CAMERA 1 7
8 1 0.93883230881921675 0.0019302115539014634 -0.3433839015306509 -0.026032025855172357 1.5517536160459704 -0.21750412775240607 2.4767001828323698 1 CAMERA 1 8
9 1 0.95839935007193955 0.0075347474562626002 -0.28443139833269782 -0.022642725210547446 1.3083900447588315 -0.19634783760560923 2.1134675317772018 1 CAMERA 1 9
10 1 0.97288287607747725 0.012344004475800155 -0.23036218637845582 -0.01672716579864102 0.99689147248982601 -0.19757435379927898 1.9550968877423451 1 CAMERA 1 10
11 1 0.97361038128865107 0.026247094943872618 -0.22640967042088075 -0.011514190978229368 1.0924997585988643 -0.24967327389733174 1.9084652240296662 1 CAMERA 1 11
12 1 0.98515747187948377 0.02997684558262699 -0.16806445243157411 -0.017902071327494346 0.84291333987969286 -0.33026212833514357 1.703604856569326 1 CAMERA 1 12
13 1 0.99316657933590791 0.020981491179197061 -0.11458931875890395 -0.0070150370262221607 0.30933091541549684 -0.29811374661765327 1.6527889904725379 1 CAMERA 1 13
14 1 0.99901402647478665 0.01335111264285873 -0.042289288386229355 -0.0020829751842491692 -0.051816034056687138 -0.21049432234537002 1.643443069422545 1 CAMERA 1 14
15 1 0.99971444329083514 0.0075698010008875341 0.02263564834787796 -0.0011650804152318938 -0.37656906522960376 -0.19371815040419224 1.709695895875921 1 CAMERA 1 15
16 1 0.99657898117751442 0.0095994161619085503 0.081910161004397505 0.0053768958304549067 -0.69015613050820235 -0.19536065594821314 1.8300223212746702 1 CAMERA 1 16
17 1 0.99063315992802314 0.0088321759316366769 0.13609396643593372 0.0068093626036054887 -0.92851980956979963 -0.19563838473240183 1.9296439222435571 1 CAMERA 1 17
18 1 0.98025628112129148 0.0071525349893605235 0.19734863386467388 0.009999063817604072 -1.3043914764571825 -0.19631814346652368 1.9689321153835142 1 CAMERA 1 18
19 1 0.96974763538771958 0.0085809248424787397 0.24365066538141122 0.012257432356334069 -1.5700949279666916 -0.19878501404367932 1.9876203616848944 1 CAMERA 1 19
20 1 0.95055450686485965 0.0061250512909847947 0.31005061495357134 0.016650206980653861 -1.8048593868734362 -0.20179028150667702 2.1963667663801378 1 CAMERA 1 20
21 1 0.92793198695685353 0.013332840513337683 0.37181291510116188 0.022795155409164797 -2.0177132161523077 -0.25523218461150166 2.3420475838098294 1 CAMERA 1 21
22 1 0.90435645506339379 0.016462808985447816 0.42588152043894739 0.022210552764188353 -2.2315736725832038 -0.25894465704336755 2.4587652573014824 1 CAMERA 1 22
23 1 0.87244201987674141 0.01279216497000454 0.487413043503026 0.033313773306081318 -2.3015335684454046 -0.3308576789418054 2.7755556911870021 1 CAMERA 1 23
24 1 0.83628557701318396 0.010218188959155869 0.54666338069578502 0.04100207922016038 -2.287914485902641 -0.37000244547499 3.1339331425437122 1 CAMERA 1 24
25 1 0.79598905644824725 0.013012028044262094 0.60381097898753489 0.040551335303775471 -2.2663285935875721 -0.37322580537181549 3.4564279444788824 1 CAMERA 1 25
26 1 0.76171797764041471 0.016736359824567767 0.64624665261092229 0.043253679478138324 -2.3780321803103392 -0.404430591858085 3.6215791262847774 1 CAMERA 1 26
27 1 0.74153547467494141 0.0099677908178324899 0.6695319013751595 0.041866645265474664 -2.4663548103039932 -0.33481693635887927 3.7071564756029116 1 CAMERA 1 27
28 1 0.73083674453159708 0.014974963038659708 0.68083666372704499 0.045987396637282671 -2.6576807941165139 -0.366987234403923 3.7225162825506017 1 CAMERA 1 28
29 1 0.6668954439130319 0.070162911181983645 -0.73186661189423952 -0.121239000230767 2.417730944238675 0.091163743250421661 5.052495758743488 1 CAMERA 1 29
30 1 0.69729118336641227 0.07182682016678163 -0.70396535540987404 -0.11427463361064517 2.5003705292047265 0.19050569967810294 4.8646627848622312 1 CAMERA 1 30
31 1 0.7447288161871306 0.074628710797111544 -0.65467829287509172 -0.1058578230620295 2.4532014807014604 0.26414172602551594 4.6405531083075964 1 CAMERA 1 31
32 1 0.78144234538426727 0.070563077514401051 -0.61332180998227048 -0.090581843280559474 2.4279472948987082 0.41519885234450576 4.5031385911591828 1 CAMERA 1 32
33 1 0.82389671168289058 0.074788931076028936 -0.55558302568689211 -0.083236565493916781 2.5599220413576709 0.50663302776769292 4.1603374858090776 1 CAMERA 1 33
34 1 0.845410537027392 0.068648089240778531 -0.52441998403217305 -0.074512710824007358 2.2809265617646801 0.6495420447844078 3.9682043715098128 1 CAMERA 1 34
35 1 0.86669930105155779 0.072254572503379771 -0.4891071325532842 -0.066225457300037927 2.0144194519871519 0.71168760576160794 3.8948187907978942 1 CAMERA 1 35
36 1 0.9345635721946387 0.080822147698013519 -0.34290275669542797 -0.049763535032722635 1.73901947515653 0.80454378634173263 3.3140900950882632 1 CAMERA 1 36
37 1 0.95447430056722626 0.08546863992050395 -0.2827778377375128 -0.041359589351692094 1.4021024180905755 0.84178614963870513 3.0811734306126324 1 CAMERA 1 37
38 1 0.97050051166899076 0.076220157203297889 -0.22689606438471632 -0.028938217859063191 1.1098120961912901 0.93512921889279121 2.9950662363492033 1 CAMERA 1 38
39 1 0.98158961207752471 0.087639615106672591 -0.16859382662578926 -0.019423000518003695 0.75073537016476621 0.86710572106857164 2.8131507954658206 1 CAMERA 1 39
40 1 0.99057637302313184 0.088333956741768888 -0.10381510485680687 -0.013341113081402328 0.35785387963650245 0.90327928143180214 2.6494408562424852 1 CAMERA 1 40
41 1 0.99574326895661969 0.081896048375472652 -0.0417510847382088 -0.0067250658918893173 0.16753760993599126 0.92033325269555899 2.6518840123704899 1 CAMERA 1 41
42 1 0.99509157396470871 0.097288118512047522 0.017433555960485212 -0.0048839069807971062 -0.31263712710776637 0.88184936980616602 2.6120840913522154 1 CAMERA 1 42
43 1 0.9903220198454542 0.10884061834390539 0.085602936469954538 0.0093890401776396924 -0.68392478345590457 0.77291343765530796 2.7306147367887639 1 CAMERA 1 43
44 1 0.98089888625599331 0.10232760205239752 0.16328568135078481 0.02653720154364881 -0.93190141232758217 0.78341333869050667 2.830423279705494 1 CAMERA 1 44
45 1 0.97076185855314545 0.099036311539086347 0.21629588328816468 0.032082921434442253 -1.3142209052955347 0.81437452277023026 2.9139522805159599 1 CAMERA 1 45
46 1 0.95568666558979942 0.10151306875712862 0.27316059903761725 0.041729860037764285 -1.5068714848079663 0.71980544075432928 3.0518427704617981 1 CAMERA 1 46
47 1 0.93998782201161113 0.093312577513553221 0.32474869749372248 0.04747568665933586 -1.9257523686171689 0.74870537134831761 3.1788640775716583 1 CAMERA 1 47
48 1 0.90896542184594076 0.091700406500860726 0.40244353413773598 0.058413176310974035 -2.1451316431846412 0.61877783029706224 3.5791677531636386 1 CAMERA 1 48
49 1 0.87576059619585045 0.095038056675033858 0.46921615111933085 0.062027005915836195 -2.1888823307681622 0.54393625997221662 3.8035909733853868 1 CAMERA 1 49
50 1 0.83553794928014746 0.089402006055334313 0.53441423741046401 0.091022192233543769 -2.3211924274966909 0.2968685386280257 4.1327782073927821 1 CAMERA 1 50
51 1 0.80247672959622729 0.079875976039327376 0.5836812705796669 0.094694779596418005 -2.3545734715413218 0.27294143282996985 4.4614481006418973 1 CAMERA 1 51
52 1 0.76377511930000674 0.077664080859746493 0.63352127790063872 0.096263430905059275 -2.4517769153530615 0.27674276319441771 4.6877807070757198 1 CAMERA 1 52
53 1 0.7413367718181505 0.078695930111565907 0.65823261407018585 0.10467362183687386 -2.5627343078198312 0.18628852775935265 4.8071277462235589 1 CAMERA 1 53
54 1 0.72394216189488703 0.07922894864518179 0.67658592694234276 0.1089128247320172 -2.6360805649219143 0.10913296819775155 4.9784516764670705 1 CAMERA 1 54
55 1 0.64627306520637351 -0.098630580337174936 -0.74999993767788287 0.10051481131794875 2.4878135203709384 -0.63312008451178592 5.4807743170486605 1 CAMERA 1 55
56 1 0.68303619488517586 -0.098630295588395242 -0.71862195783427185 0.085534221147818515 2.4455202807632084 -0.67217117766132239 5.1978177968944506 1 CAMERA 1 56
57 1 0.72015672178004064 -0.10227606990362856 -0.68221813182726532 0.074110203118122497 2.2902756087744534 -0.78547500274220461 4.9569939353870636 1 CAMERA 1 57
58 1 0.75034162249710223 -0.10424782266689886 -0.64856202640421867 0.074075224765644015 2.1959820074699556 -0.76590833492368449 4.8249729206625691 1 CAMERA 1 58
59 1 0.78969133670769065 -0.10888769200904563 -0.60032327790089257 0.064366336450755249 2.2033492502300391 -0.89235636448941091 4.5171060101541123 1 CAMERA 1 59
60 1 0.82495307766462278 -0.10289547538772015 -0.55265685707936563 0.058611766050508461 2.1958748403328263 -1.0158469680463966 4.2159302416645517 1 CAMERA 1 60
61 1 0.85620221931764362 -0.11030848233195849 -0.50231678875056762 0.049271108171821919 2.035732191342662 -1.1615366898144472 3.7428286417961316 1 CAMERA 1 61
62 1 0.88525281244646403 -0.10522135044340274 -0.45072434509113829 0.045863822438353477 1.8484934040457461 -1.2650577323926935 3.4175392163013338 1 CAMERA 1 62
63 1 0.91700679243496741 -0.10512778686953236 -0.38101858056596632 0.053586680430339491 1.8957296100173127 -1.2548625198520689 3.0236356351220168 1 CAMERA 1 63
64 1 0.93523903737289271 -0.10726255957106004 -0.33373339564911281 0.049443977556449976 1.6775288215433501 -1.2597724205764282 2.8107318845975873 1 CAMERA 1 64
65 1 0.94852206098596137 -0.11614911751529097 -0.29240824800073206 0.036231185800435529 1.2894566827913529 -1.2610044944334786 2.6236506824322192 1 CAMERA 1 65
66 1 0.96554406534073356 -0.11288487436490821 -0.23191480245934193 0.03460039631496499 1.0214635363369662 -1.2653245886295708 2.4314348798870888 1 CAMERA 1 66
67 1 0.97899176810410626 -0.11053853235243638 -0.16727041622539637 0.037107394216622569 0.75861542460121367 -1.3276300245177945 2.2447972275571249 1 CAMERA 1 67
68 1 0.98751831017475611 -0.10290197565520599 -0.1139968340214856 0.034978454924816729 0.44592037758778968 -1.4666920380249555 2.132070934609402 1 CAMERA 1 68
69 1 0.99291663439616706 -0.1087381799095308 -0.043803943375247512 0.019333388583715309 0.13363709217083525 -1.4533596120051684 2.003355927081838 1 CAMERA 1 69
70 1 0.99356699618871558 -0.10785923720710562 0.018265271664135184 0.029281203606915315 -0.19217694568269023 -1.4239533374482971 2.0499552652260924 1 CAMERA 1 70
71 1 0.99021164532519623 -0.10161082102146046 0.093733746629688461 0.019238587694372148 -0.58322559166248722 -1.4537548397256088 2.1318710030181132 1 CAMERA 1 71
72 1 0.98320927992372087 -0.10014126258183967 0.1523884469169472 0.0070000461880028219 -1.096053280237085 -1.4034015742777812 2.2690732574078569 1 CAMERA 1 72
73 1 0.97055651740826088 -0.10184162170506578 0.21804252812046113 0.010285258172187357 -1.3192923983462141 -1.3418752126657529 2.4635562244403411 1 CAMERA 1 73
74 1 0.95609965364979765 -0.10022407748815325 0.27505562627949259 0.013152529581112954 -1.4821421913137889 -1.3126936736161412 2.7314464942306689 1 CAMERA 1 74
75 1 0.93610327938438398 -0.08259477207607982 0.34188787682507216 0.0011973435375500334 -1.9402618764633932 -1.3167892803551293 2.8355553381434309 1 CAMERA 1 75
76 1 0.90923951215676135 -0.077328939492989912 0.40893679844054226 0.0086278346659824888 -1.991545964128651 -1.3468576524408415 2.9654290997588273 1 CAMERA 1 76
77 1 0.87394545068972995 -0.085918725902053322 0.47828353238316812 0.0090655617129633964 -2.1386359225294465 -1.2504718323495463 3.2501106160212876 1 CAMERA 1 77
78 1 0.83988639836169421 -0.087683581986160178 0.53554100432074137 0.0099126176275430456 -2.2463866328901534 -1.2718512630136576 3.4840913845866739 1 CAMERA 1 78
79 1 0.79846913465588676 -0.081135395898287124 0.59637154897577171 0.014320059585998024 -2.3011122348552173 -1.295277768895122 3.8417703035287341 1 CAMERA 1 79
80 1 0.76402055385133161 -0.074366171884529847 0.64086076837214168 -0.0063040727639734956 -2.3419484726912279 -1.020862131288969 4.0539193556580111 1 CAMERA 1 80
81 1 0.75730253281253934 -0.080213012106554418 0.64783623430223169 0.0191562002915633 -2.4314302856287457 -1.2022524385160143 4.0565202110329235 1 CAMERA 1 81
82 1 0.73000918989701669 0.06302557814697686 -0.67304412988545115 -0.10062782116232372 2.5073772673504209 0.6004444840568276 2.4723431247712568 1 CAMERA 1 82
83 1 0.80589781206432376 0.058676818010568496 -0.58380186640825493 -0.079127291855142376 2.3611055956807947 0.77385439563863911 1.9588575616360171 1 CAMERA 1 83
84 1 0.88275255767314498 0.060327113360970519 -0.46230525692417429 -0.058158496673544183 1.9427071292753775 0.96540327504738543 1.3325620697786722 1 CAMERA 1 84
85 1 0.93316111313202221 0.058443207785963514 -0.35253525598416491 -0.038905291286294413 1.4581192474114668 1.1156037984225844 0.77914230255205197 1 CAMERA 1 85
86 1 0.98067665946133986 0.037283151902447076 -0.19095758456025017 -0.020456223280003242 0.77582932920139414 1.1914168316386606 0.24422308458722908 1 CAMERA 1 86
87 1 0.99876003917369138 0.03811266649101884 -0.031887917467281361 0.0029949160774010372 0.0021671681065380363 1.1891930954479422 0.20544308934043415 1 CAMERA 1 87
88 1 0.99032257945631941 0.037864935909777603 0.13268144825467112 0.014935479120990549 -0.7690516440441264 1.1599978702133982 0.40156976152991541 1 CAMERA 1 88
89 1 0.9634122749568268 0.038135175469159698 0.26331610646137443 0.032359309826853165 -1.4922320118614905 1.0727048807086126 0.74014436643422388 1 CAMERA 1 89
90 1 0.9017220159400654 0.032403135848424795 0.4288833483660846 0.043663671976471474 -2.1632334196697136 0.98848475845845851 1.4531340007926901 1 CAMERA 1 90
91 1 0.81183325620922742 0.025532776245179165 0.57984124293974748 0.06371008111771273 -2.5220756756310467 0.81742211430096856 2.2602881498132867 1 CAMERA 1 91
92 1 0.73074186159751631 0.024881056337389046 0.67895864721967603 0.066426049936449127 -2.724230951632745 0.75389179434058085 2.92211743448172 1 CAMERA 1 92
93 1 0.82339608943245324 0.085554155300854487 -0.55828146636032083 -0.054965177491488215 2.2780682421668641 -0.85152447860464853 1.7709613763133443 1 CAMERA 1 93
94 1 0.91051264022054423 0.057416476682567101 -0.40813982195470094 -0.03304490790967464 1.847424228476598 -0.79174386459636059 1.4453588839039264 1 CAMERA 1 94
95 1 0.93404666091121491 0.061986723714239834 -0.35120899117096321 -0.019150087322484636 1.4496224903106538 -0.70164357932265753 1.2308282511409925 1 CAMERA 1 95
96 1 0.97772421526777997 0.062868149449043842 -0.20017545739590348 -0.0057219682101017728 0.83382270354205756 -0.70581093058183686 0.80364618134781829 1 CAMERA 1 96
97 1 0.99638770503951968 0.062803664378688048 -0.055314121356388198 0.014407947989187108 0.18210043658747035 -0.69987948487640195 0.65666668609918644 1 CAMERA 1 97
98 1 0.99509600065933024 0.052981408727315618 0.08075904136746595 0.021328315415974138 -0.53665122153755374 -0.6945169384660741 0.66345043507089896 1 CAMERA 1 98
99 1 0.98231039503751605 0.053798595198894787 0.17585893768894847 0.035293526187949009 -1.1180763352992695 -0.78029581485943023 1.0008793292110616 1 CAMERA 1 99
100 1 0.95194978139942132 0.0474952854497789 0.29955506972550827 0.042456704480965682 -1.7042501998373327 -0.79963894815611003 1.525616102900339 1 CAMERA 1 100
101 1 0.9135182721426317 0.040223626643023883 0.4002144461844987 0.060785058908076686 -2.0364120417142444 -0.88282716293975461 1.8908617266744494 1 CAMERA 1 101
102 1 0.86045620862696059 0.033984168066844227 0.5032673117787313 0.07198751455030436 -2.2000158950891411 -0.93123724202654012 2.4553650888036165 1 CAMERA 1 102
103 1 0.79656552250271606 0.028744036833473898 0.5971569459416266 0.089781571718031694 -2.3427127340625984 -1.0472839896208448 2.7673748453801736 1 CAMERA 1 103
104 1 0.75167842072517288 0.027207155720416848 0.65323193060103335 0.08676040189488371 -2.5900475451174469 -0.99893135409324996 3.0703002707529174 1 CAMERA 1 104
